345056
905829
465875
315381
260860
670608
240480
410864
648050
192424
175305
765300
831345
801216
329472
168509
616724
614240
939052
101284
403200
12843
507712
509420
820882
35245
48355
972384
996768
831152
259788
159708
584040
152820
966008
159200
652584
918864
262458
292740
613418
979907
186734
330466
487647
990429
616480
669760
470345
73764
107678
636000
912548
10871
203596
846598
325560
234874
29416
776238
220835
22087
986879
447738
378047
985900
277600
997056
530860
889094
956010
841398
640152
355658
401536
695930
942156
885868
591341
729630
678360
343216
526136
809065
58014
226728
647405
697872
651787
12658
886752
712825
636032
900266
417426
812152
183365
544690
959230
183644
798330
273417
578702
676459
588440
195932
944748
388795
775425
954384
80046
719156
805858
556027
716256
545894
221383
160292
372129
187998
312006
628
501688
1228
928827
552408
290385
102896
73260
342652
877655
248450
161934
988024
265190
120960
248456
555336
251661
361688
398134
390868
3070
862432
765750
178878
880790
580696
120302
923521
307098
735410
920722
868858
124990
295372
673312
732864
405941
598047
980000
791984
317688
63280
125822
294980
246096
190712
421264
26976
370464
215414
652574
807840
380549
939460
855784
289593
616969
252950
423400
403966
155831
167682
888000
374296
371862
293072
490756
128005
234176
393590
598262
364164
373722
711768
143948
787220
129104
537814
29610
207630
307912
343774
404354
736100
728450
282355
378916
293727
223980
462290
697375
17784
92192
86844
285056
626021
650482
616677
445220
668876
656705
570099
753313
858609
208308
983920
941542
940132
415114
927114
947760
760397
174179
233984
107366
285675
238544
178744
339735
111693
102976
42472
327556
419487
40520
426624
362879
864066
793650
340220
475554
716518
821546
234017
766790
667950
798432
52451
788348
314240
508850
36163
58100
970826
667024
773509
533392
692800
24448
198756
585230
41640
439529
859939
176245
685366
369200
29092
719648
555328
904137
255080
794508
11844
511890
661762
742160
527751
419015
480414
984050
562896
861020
954076
52248
535311
777573
105599
326240
27325
135182
996960
458248
101695
311918
42325
83456
113504
640764
959496
337352
567822
741300
302706
909268
683600
262742
537603
245650
261415
605048
278736
327760
815564
139812
572829
358304
938190
747436
701204
312275
818735
302504
166704
483120
428562
229943
973896
883008
922320
17956
752828
568696
142746
204948
433921
515010
914980
258270
325474
751122
894528
480105
736620
558960
235950
70618
97400
602030
480364
525460
957440
499999
118242
28871
365819
643728
682110
135854
441267
108448
205149
319476
858717
744704
606045
706000
63106
600150
376000
206608
605428
995038
621639
144320
553073
172614
419042
434636
294078
710773
627236
19958
467690
493540
217022
706780
348140
265689
440909
473835
700415
214202
718142
737570
802050
575067
453400
200727
582576
91510
760530
141274
662616
606172
545018
866720
813461
129468
416914
593728
17727
894368
297026
657719
121388
7908
97978
809743
245976
670016
913708
430268
53928
31683
664130
234408
151995
998020
318191
939878
42496
574796
660760
140424
17560
441872
153112
497594
548920
816808
556768
407134
648360
369087
633754
443960
780744
789524
179019
504633
876496
51856
532490
505426
77700
89680
905501
315495
232704
22232
675520
362260
959072
666536
57156
916928
417076
716524
271166
688000
73170
75200
2430
681454
15646
73666
886130
494800
686580
69886
587456
940338
827150
440438
93930
54686
688465
619396
253120
789170
20620
542504
989158
452859
506528
721304
829517
557670
745640
509480
994208
363840
538440
337228
264168
213852
931136
293996
733194
48910
108212
196192
319136
794487
464359
622356
86905
740940
288762
36020
346496
429463
430700
229050
592061
741750
593940
101705
717692
765763
979469
36375
317956
500075
514416
374964
270828
121740
87244
67766
739680
31840
235640
463480
62200
894592
469896
754795
586413
985520
629680
309478
988896
775050
405480
130064
172140
615860
94980
76940
927520
901792
578688
201929
456345
122304
514056
273508
262848
431510
803568
349304
368866
45360
897696
271586
937415
651782
226224
565280
535734
664208
12410
96300
330972
444405
561136
102780
264600
925148
55000
386714
489726
608530
526250
76095
480400
981201
647515
139678
689143
870230
113610
103650
522206
166353
781200
241280
735377
598425
795506
39498
259784
330550
240272
459267
471630
720248
322837
697252
209808
855070
322684
707230
621168
639410
769770
129455
707820
253040
349035
672270
287794
256618
48150
778093
822172
527592
757020
822080
668600
497586
925508
182140
175950
851658
479182
813088
484423
301188
962402
274374
121264
48637
636440
958559
585971
182616
844976
745203
743160
497520
361822
847698
396149
910080
810928
338136
857388
40366
887472
154583
874518
898064
263700
827130
611775
318105
814855
381848
928736
936387
701767
11271
341088
938209
693446
391481
325839
734867
188742
5412
189445
515452
238912
319924
540448
742596
72370
154400
388022
627872
968875
770168
833060
376168
654632
155220
302936
367664
1744
353435
315099
103720
249640
522971
365397
564374
142544
862845
804128
755000
518678
710951
138348
465070
951228
727090
832160
453876
825308
385221
695224
676930
701742
361010
509774
540496
76435
853761
899780
818955
996368
2729
603618
314964
202528
152466
592644
432400
945287
342866
413943
572205
84774
9366
195664
55360
602381
797420
610897
224286
419742
114819
805274
302012
255318
525707
543185
234874
562570
84357
676250
60777
336838
160304
198565
630744
559300
281510
97220
11675
296160
791768
157926
986560
957200
521402
840896
384028
669020
116660
869216
718140
422865
739254
357790
981264
281994
39696
410000
52332
746241
472322
936250
634974
818102
74486
937040
927696
150960
978509
779700
475746
493588
610525
653914
830208
558608
486740
498720
332544
376056
948200
785456
742861
502845
268125
854150
449605
239966
484928
924572
538205
168605
916994
320966
124480
961980
393602
318602
677720
237816
448710
283295
793760
306728
459740
92584
622052
497856
458620
927621
10634
438582
560307
64587
812428
628889
333393
392168
284538
408717
276406
599110
710232
639212
915024
645502
653665
216202
80080
835152
266871
68021
531560
928941
691048
969472
83774
107676
951036
553573
916220
592320
389736
133970
737932
746390
118976
658792
135088
858980
916800
618801
258546
816869
704863
477225
8438
990720
135982
266942
249792
526614
61205
515464
524928
174178
545866
333200
751477
670972
833932
708176
812226
506172
301550
927134
91617
539624
158400
320555
393620
119438
205081
194770
700849
16049
227736
957218
984918
283618
190500
887450
743431
425710
501490
104539
219312
644944
268960
972929
250540
954533
532258
560535
259600
589068
876748
390420
809456
957920
433500
769018
460300
346210
30060
25612
354176
133701
945724
895352
519224
78180
508275
842892
3808
144568
226984
513488
800590
196932
911802
708082
422555
688524
945556
546725
594604
370176
142860
971840
453656
314645
854566
637604
673365
268470
143904
210355
340770
355080
40746
998520
711072
681648
746288
230587
769724
266492
802405
980732
69318
635483
878504
217339
228955
946000
614400
191296
614901
358320
992436
300219
864816
819600
259475
71478
547663
359930
40634
581320
197065
620216
757948
130400
136070
836854
362984
628000
420340
551598
360003
665480
247999
390408
35193
970520
393596
703655
432924
959930
633998
782372
445494
765148
452224
958087
23468
739264
577174
212852
980934
158722
765627
923988
373185
873740
689180
400576
280437
259824
971600
501558
647600
927072
798059
407494
36096
316160
798472
997256
85621
277524
328520
207332
542496
995392
312668
765000
315941
700580
643924
742842
828291
531282
321941
148265
931450
620939
62679
127606
55738
111591
634530
214466
420506
233664
448736
361536
66520
368764
606233
610708
153851
392369
143696
250871
621900
329522
811791
294348
460210
893728
357704
968650
264236
47062
552969
83767
136896
696866
426838
695254
759840
815008
228775
602902
615676
362685
554259
972372
524942
526160
591796
119640
610244
620760
867686
471561
162260
660905
331260
838110
458272
815915
570860
129153
19935
860220
590021
855150
413516
866676
262929
806904
895856
174664
633210
465760
706948
545332
526614
552398
355775
716884
739944
879846
111552
468608
693241
616426
901180
15805
798025
533280
7760
96138
99268
93032
236880
561235
601912
892033
940188
346077
964347
277064
484828
849580
535270
432525
494216
459703
605505
563690
682324
126489
698796
76250
928296
740160
739688
4864
76367
245040
594085
464220
608800
522700
822960
575454
367447
55312
537800
313328
405214
579900
360834
999243
123456
411786
257791
651466
848689
802680
304245
13549
812100
925570
834880
34744
624050
200734
275398
134300
664002
997472
220352
699181
602034
1855
323780
977516
826085
61250
83080
34814
549947
794176
611888
296165
23842
440380
485273
942622
518800
352500
457852
52
889671
424700
187045
63349
396372
358264
586710
35212
727032
765728
589840
804031
463119
955488
362870
47645
915748
640314
512128
187616
870879
782196
192359
624272
317880
367250
984562
530995
52172
627690
408529
127975
632810
637113
99566
645568
135450
710251
784677
186915
313737
27298
107412
636235
278566
985400
52651
545890
968943
64969
118314
879404
605303
148346
555084
572160
158896
880555
761492
114235
78184
946852
865008
378242
263602
11166
105536
203084
672103
451158
376134
335736
497943
381580
375129
972900
629221
623226
130274
186549
621126
729887
113415
19352
346980
226302
852436
758068
80670
36184
385813
225323
986054
246660
3342
840731
381388
855460
834400
589973
475236
509594
945204
419796
210036
464151
971571
96468
220086
421089
141700
252420
845100
216542
207990
291764
414710
551150
142237
190952
201250
540677
77096
178878
6834
41298
65657
921957
755000
149334
591264
909838
165337
38760
956920
882515
940832
11187
703020
542575
865832
57040
908070
751097
690790
550612
718010
974343
614690
100875
175500
305613
878925
735930
757294
388678
724765
770396
853910
210900
527693
493853
47536
424235
510885
481379
864272
477168
136074
758880
265049
562050
526048
347258
800563
163194
896796
176184
578860
70174
803764
615600
426925
848140
931824
920392
74162
359432
171608
71220
979306
155086
729993
417994
412774
662611
824472
569480
611285
512959
928695
138880
169797
426130
766892
50760
161160
579545
233338
677570
984262
335380
507350
575960
17123
97200
668032
477453
243928
477504
289436
134992
182616
253360
239584
449060
991160
129648
492065
935055
824110
155916
471766
97574
698832
242478
318190
419840
386610
62232
440360
543468
158608
886676
213157
768200
748344
514827
510710
560684
17824
716867
492332
928711
441155
633068
629842
806990
397144
736278
557162
954569
300915
42451
321816
288133
861168
371639
366355
893556
93449
779093
957049
116109
248050
514855
901970
427748
530134
183330
778272
769874
961290
12602
655436
491690
13504
595440
822771
196745
966969
494050
449892
595724
871944
368430
471194
212320
136496
367848
991966
612303
603107
888928
510540
31348
434388
122980
270938
197937
128
145245
597000
418822
524322
690880
265675
843993
948870
239475
22100
581540
842782
362000
909058
235131
474016
295038
610063
395696
20793
60510
467341
777600
674659
926965
519850
375280
322704
694960
67190
182005
262630
969952
941775
426201
1160
934800
831547
826808
548800
424400
285440
29920
898528
686380
356896
947424
994840
797828
925030
21704
974751
476910
308495
606012
140398
297623
85000
265280
833500
34110
671240
572216
110023
474809
883719
719832
775667
848501
922290
560336
418506
936832
110912
725564
151300
692320
335488
984878
228358
40640
910472
205010
257948
199472
241950
898207
78976
951441
766621
823891
793860
820736
817616
891833
553840
665219
199780
398830
139900
872626
211575
75796
606274
178004
674598
978992
3259
582520
153244
884954
689000
573084
98584
819588
127185
626220
569504
130532
327970
40349
113820
367366
933955
345570
727840
87380
297544
532315
921432
606488
282085
59784
399186
590720
886536
772828
404514
406836
731257
291200
383249
515268
55750
993397
595120
604576
308709
457438
847860
199545
941784
626265
928154
751802
562930
391136
501852
868930
554620
865572
433725
903360
753995
414740
636033
922540
275992
257500
946034
324500
709616
836857
78752
54208
44912
505680
548892
601080
21512
116195
773915
841083
691310
541824
644364
670769
31941
611838
549272
713088
961740
910692
600045
429640
1521
799146
616750
266731
366730
20190
496022
697129
791416
518482
661374
610280
55420
584802
835488
466579
309584
342542
553512
245550
725105
66861
748702
937200
652250
924700
290440
862445
477636
806752
108558
523927
528412
130288
941318
799354
108102
334787
117481
79800
29582
964495
321471
674000
993178
983176
217708
456082
800212
731937
817990
156280
408024
845884
168770
242440
339950
875253
598529
707538
119520
418384
33478
125845
465242
581356
100056
805313
514436
462000
45076
754840
846492
680936
440868
412188
462382
838529
380366
226448
991385
970013
665762
261584
400000
201205
234328
819276
436840
603264
717974
350854
431183
626652
974856
66832
813746
81524
586824
44860
573905
103231
450264
426400
648718
551390
354160
951520
768029
421549
365632
449296
396051
288832
915591
271780
828700
85243
249817
251475
404480
879000
573100
466098
451480
425660
557336
599943
238760
391428
488353
75360
409210
221509
69252
504170
239164
713470
310522
210650
732841
661728
6192
844801
657740
49128
365185
866744
226915
116233
311272
941876
180668
921304
274328
48616
867576
390452
25608
451947
740804
627871
138320
908209
442453
787886
25735
681748
966261
330173
710986
144640
422774
432275
283323
680205
724401
441252
219168
684565
288082
238805
430515
86450
812625
754752
567982
993994
638295
747585
402001
257002
328000
359184
49146
80724
575894
631924
712986
797148
256762
801300
860619
148346
472110
23280
918888
735272
650757
314561
119375
997708
494473
163865
110128
360195
662056
659792
760090
957291
22429
180000
455854
601354
734520
610659
572972
455704
201340
185430
345076
573302
890687
620594
734270
739884
612217
306860
203965
473350
660520
346271
229443
230318
740564
284304
562420
555276
139848
550611
70871
997200
268284
349136
204132
493025
340652
173161
463770
502871
620464
30954
650715
920562
673295
121285
971477
366140
426538
54608
33009
655336
325232
746050
136292
522082
991664
427493
39284
566350
741560
237802
192814
597712
512162
847080
455745
752180
22344
578290
56922
513205
108520
699200
600174
604020
283204
692788
933308
340400
156900
213346
375288
689708
979520
13297
981904
278923
453500
877088
971740
419815
691960
963621
209723
564748
613490
908730
244894
13488
761372
33870
694314
688977
484554
995175
112200
707678
679950
885011
427000
19992
205354
154386
16350
396000
892153
752429
169632
819891
221220
312885
453198
45905
496549
886243
626036
38608
98240
187371
126795
505104
163430
818092
646264
914000
558975
283400
334380
332411
296273
421597
495424
882486
694997
51556
937644
380123
378703
83689
54367
325248
796018
482279
812738
263141
266425
218110
924079
646855
756389
595936
933034
636596
641255
809680
293952
529112
512968
411630
335978
750400
987470
915815
964500
632301
876538
102064
898925
929659
428348
345480
587057
143918
88063
839841
431380
221000
835133
615200
384672
817452
463296
33736
381959
736144
65894
300178
331059
903513
413808
537100
424605
57123
673048
376195
714130
831214
150220
147900
937127
531770
16590
30559
169382
753412
742778
562165
878724
109517
615736
529090
455543
301354
454122
731768
470476
469075
656469
720936
659772
980404
659244
313910
55385
607590
910560
960358
288774
910655
62836
590628
568945
235744
794149
830940
617491
168185
493840
61401
326185
786480
235190
757591
586986
522056
850506
138130
598392
748500
486463
893432
178874
868628
906958
604026
677856
108059
170906
941000
976938
452949
122330
176718
115397
636168
280440
806596
839051
456720
492626
777480
869304
962724
787604
345348
743350
803036
653966
532060
811480
991954
855281
155200
101294
829654
209412
227568
420204
34536
721250
787120
671632
417712
17088
877093
929505
271197
519312
706330
48144
369968
767186
489469
35424
281698
648974
57272
245954
513455
695830
584105
947104
550056
496110
614426
631392
770237
201886
344391
125675
656071
978360
870950
304498
994240
452731
769756
614576
525740
129610
120592
812600
421672
333880
739468
961940
790608
775068
353808
772480
709358
650138
581930
788640
72240
888456
432960
482154
819132
396215
275256
271678
285389
644850
900257
633429
392805
181633
292060
860613
31400
333465
252672
129920
911616
158132
985973
723222
559406
767139
831022
23700
621392
523298
251865
154750
130976
138500
368770
677437
294720
505056
54923
59936
283587
284427
430460
777911
794473
970064
107152
600800
215698
351250
672041
397896
846310
611230
591003
659079
659952
195156
606816
697673
85028
14132
52456
772514
710000
122832
296468
825593
24692
300038
833680
738752
883315
274688
678054
847156
791224
309623
659960
832989
236610
536492
494704
161097
632186
926984
568900
565314
102092
653040
37872
68840
729640
842184
13685
61924
909256
541314
841952
849600
599265
360986
401025
439250
174203
269700
774584
640120
571162
421775
689312
563940
285346
245292
969955
337950
561949
473600
602557
855049
777560
473660
556662
702024
435716
389284
802112
616366
212336
566020
982661
97912
330490
643009
403074
292316
663648
445360
892288
339300
451124
618100
825883
860153
438204
505413
76640
933852
594720
242990
776281
457650
38736
704067
52106
881930
986969
930080
223242
989640
281038
596096
567930
826770
976192
716686
695080
315674
194836
954928
803905
4340
891800
890315
754513
653100
359448
439618
720320
318888
50085
122460
111720
760324
854640
32088
371210
921304
687151
703364
24767
741555
925935
984032
552952
911810
998392
906952
237584
364412
859656
634880
553352
804900
484240
758680
368231
992556
29355
655664
557848
484074
305007
521876
357910
607900
326922
662584
804585
590008
45317
329876
25352
288606
216872
832878
324507
445289
4965
208449
75832
644552
479343
805728
197278
868352
338935
570355
810944
315950
419648
149196
753544
156920
944500
572440
245120
478519
952014
366470
177760
955128
784014
635103
740000
157670
964900
347774
568327
952100
218246
906610
297347
289520
59789
494296
447734
800751
906210
664972
128864
581997
215488
43385
756822
828414
790130
680616
921653
445351
41532
205204
507090
5957
588664
661386
114672
166300
485603
189356
136195
47476
896108
433806
969550
153080
459790
822700
133035
292110
23583
474475
638734
998106
354886
471760
933978
619012
626358
988660
840023
520736
170181
969640
302890
288680
794642
273280
476465
35873
382260
915644
954816
768940
370090
751706
277868
918194
570495
632850
645025
383617
556096
711120
228895
418280
539705
983580
872560
742774
257024
232045
716740
876176
864217
931760
968925
493360
664496
695584
526412
351268
735368
394528
364650
73482
596425
525040
678368
12892
666355
514662
924890
788157
165807
848552
379568
590830
323013
546850
733050
350150
151880
361382
106541
341184
730544
725335
15401
958957
738888
498400
791100
19876
883650
667501
778666
336760
285336
666568
224432
671800
613468
760737
606100
759280
170000
461912
748560
916385
724640
851045
211002
732990
780152
553255
427545
341731
812173
15508
927909
58180
683783
174670
800314
405407
724708
210971
568384
438159
412572
207967
276864
763428
529580
32494
216330
471977
874422
392920
826495
932406
474500
648100
453730
388876
46580
778424
347056
722525
596840
777581
730320
387828
591362
765985
948350
92040
861280
126041
537007
202400
975730
568975
742250
460727
655160
935366
410216
617850
720017
81980
735760
876608
142560
859920
362486
696912
890152
975868
565134
120862
403246
437820
474030
381182
956808
726818
196140
595758
903680
551080
543854
875750
643072
420400
446003
518664
278380
855340
828560
804526
570254
213172
793498
484172
865102
30790
503418
260785
823390
845556
312636
424360
10380
919220
795588
357760
310358
211433
366030
269405
636639
539422
580558
789817
414600
846181
208680
579318
504938
48354
761343
186782
64182
306096
351473
655960
998852
384985
266490
159860
172782
292960
1845
803648
134472
409374
609345
108574
137011
593752
661638
113680
721922
954494
494640
327301
912376
833760
456380
580220
559694
763440
72581
633018
478284
985732
430806
229208
748775
362950
367000
332880
807479
168289
781723
583458
205430
987826
300143
962787
860399
22186
886851
302652
760765
643280
562165
661770
675224
772780
547298
929332
285204
994135
444555
951696
88870
475394
57066
101700
807107
16460
496408
190528
157300
92976
658196
657581
725440
929151
83180
383406
134440
346724
526948
751348
569425
884185
573910
491284
703494
369076
742153
136616
350388
892637
707250
523222
344641
678153
894167
823824
800300
259312
647549
245325
652832
470318
266053
639174
941419
716850
911721
746267
359013
652848
782537
241620
233800
660464
496175
802911
712014
858470
206252
374225
65772
36406
834332
688465
903705
440088
127182
152640
696352
430725
357852
4824
303254
109024
530265
158336
177470
364024
687120
799497
88492
534102
571155
779214
376645
858352
102636
914880
28528
530040
44450
745024
889605
60875
390227
450920
202452
604160
406400
804195
334306
828318
210488
393152
843357
151885
646816
559058
314521
600547
288690
946728
772732
185167
645404
286518
84130
80700
700492
788200
987396
177413
14046
264350
862550
499820
548180
132902
681608
537370
428120
291620
942165
321380
238510
730990
318507
268203
375126
302161
269520
875698
395350
989939
43620
56808
552322
265360
821032
631804
72384
958648
30960
377922
258840
245776
936684
457175
789146
424195
278098
238157
174864
810790
307840
949688
14496
155001
50754
68252
12992
313917
502697
311102
377500
500300
228544
621068
988823
109200
46292
269960
812800
769650
680450
535296
475527
627965
804580
33276
945729
322904
882968
221286
341488
674424
646816
53369
494996
17538
28948
26685
149045
131500
627987
439522
10992
505056
85070
968014
48239
767144
451953
15450
203100
834220
151508
777500
555009
456768
546145
949425
874620
506630
668750
152006
227202
848856
185684
196340
671299
327148
12968
419697
928935
379328
492070
591982
800160
606777
841020
415024
185260
972808
449650
804350
409618
627324
700222
140519
464274
862908
616150
343760
406464
104370
208890
170792
845944
426931
261090
224074
586604
948258
109346
585360
659124
329770
347576
794653
55979
213000
457603
55897
812778
128157
638380
290300
701410
277592
383806
721445
877852
361864
688868
742818
821056
908852
17160
693320
632846
45374
290680
64086
29469
461429
906515
354730
319045
99792
998640
473952
145512
84390
933754
51856
887352
270304
259906
556781
676456
299280
835400
530796
723090
261856
151066
329980
859048
735395
597342
603725
285980
86528
339752
254565
914076
391274
196638
611372
351385
42376
358368
913292
28702
28230
740248
937752
629020
463666
995606
757919
81131
183243
331028
446340
697582
696562
652253
158316
682150
88764
692240
14248
707790
276500
267168
575280
963224
822557
110160
509786
140536
908452
52124
33360
115104
975016
32078
703710
775050
428010
867728
578857
463201
750645
986225
250678
257600
682480
888320
437284
255704
681181
802380
861259
272853
228239
638083
589212
99854
435896
406616
253768
346542
420632
161733
125361
863083
499500
375200
353338
193353
184846
307635
170762
347774
111691
506640
567712
526450
220172
680898
614762
707210
409856
533176
133984
459108
654500
160166
356898
276015
139169
701248
365492
755148
436720
942315
618727
476972
195208
227745
693747
990365
291544
989693
663095
75268
151742
148399
60600
39936
468214
878600
3500
348944
43440
11744
237120
667008
199230
945872
320025
853956
517504
794960
10336
268661
691408
429390
828190
451674
549365
253709
762236
792712
483299
638464
75232
584316
28958
166875
696023
369984
144504
585177
909375
103180
346404
663300
763752
789794
551750
358228
580250
413164
965625
579632
274034
524475
634337
105696
573658
381410
392384
480032
430050
101960
53791
282030
794726
485560
247472
694640
525490
807644
612429
184060
579112
441745
95228
298517
154768
54070
318715
832657
524826
464212
31295
298666
365572
25060
464116
791656
561608
579268
515995
253417
72238
425480
363040
555135
72681
815129
895764
731174
927784
572089
51712
58674
732032
202198
908336
576292
876552
420596
612000
638757
293460
302752
559229
744624
904583
336557
65815
635986
503890
368522
543136
461132
111974
904732
247336
883860
760900
84410
883690
883280
455712
376450
365116
272322
424196
691880
454234
827954
794157
763392
117936
220504
955013
8810
152841
394875
895796
46376
177160
244488
886535
355450
746136
611090
352274
431640
689477
768184
825244
621400
846536
540375
72900
738948
10068
661270
246926
285740
881464
258925
204096
285369
586982
815834
70490
763629
736356
417042
589486
546040
788464
868958
697400
669274
435084
556650
305529
771924
12653
194265
864256
930380
100164
117145
30106
481641
904458
406574
424040
574678
523520
721680
891272
548720
94055
669448
832740
11038
8576
583554
852350
474582
259842
876626
114790
935680
107570
403672
453525
818716
118376
231702
845042
439606
399080
213024
66316
134154
393040
967822
132632
431000
278304
46148
343492
294911
926447
109320
804164
183331
447913
405505
328135
645920
354030
106416
5485
739373
188649
40490
264814
234520
35070
206360
688152
284280
934596
813315
176456
476403
336019
782850
673357
13107
854581
483909
364718
369771
671254
321528
664185
351714
800916
15989
253054
723832
231868
571852
332040
259676
499464
441215
115480
918708
356352
35662
122352
672594
496762
155523
974502
964505
115324
614456
445088
854300
46779
582914
599164
891776
813201
140923
997368
960
829460
367697
433268
907095
313900
781054
70590
890080
192684
986896
715736
25286
452560
863488
357544
704874
591360
629940
624032
814624
41755
281454
224392
682670
946228
159726
338100
754091
390884
526667
245370
732675
380547
575148
573684
218020
435920
571742
816452
665202
746798
140262
225572
447972
668594
355452
846784
122880
177093
932926
54775
58752
472900
917414
989352
237476
403928
486768
206656
709654
371208
796214
915626
184176
142020
258263
134239
990214
304706
795460
877203
929952
479150
93736
720112
243454
580409
402951
926869
966390
278262
871680
896940
419100
211500
834768
191857
672042
280080
264088
12232
618786
299760
464768
362277
712351
574553
786506
957584
435212
704956
389311
904780
107972
772560
487360
696970
752696
979272
952320
874684
533050
263004
631503
59118
531019
792320
610240
659988
51490
480398
892330
389625
525134
793600
231476
267676
556002
909408
594142
774588
412080
871176
597076
812477
271131
807343
906776
468480
941632
304944
86396
77345
85200
312973
34985
150800
386748
475936
111091
922236
532096
284900
908440
751060
257702
765948
363821
796156
234875
470384
62458
161
860238
736364
746200
269916
494348
775915
212432
672288
30592
712385
677042
25812
309002
832380
613363
219377
2972
672320
405416
685468
109726
728382
57995
474952
837864
537075
708380
383390
348456
741786
291500
340042
192930
72528
577584
839616
903714
644995
177728
496892
765520
759255
215954
70835
265883
706951
362335
333964
806880
909365
278096
92048
16090
834903
367095
735250
126153
982750
504280
791321
825164
196208
325300
81275
535188
726220
911368
196600
434783
869168
786800
257995
786628
174466
158252
981162
847835
554144
889739
884734
53292
469600
46200
836280
624880
766800
929379
64677
840696
995113
766734
396238
235178
565592
163132
437256
237766
878035
594125
601100
51850
178788
823808
361414
425783
908630
851774
370660
790116
735876
722688
43400
814846
442814
987600
885683
142322
222345
668480
512550
639936
593780
875186
347882
811163
341007
615299
101056
356660
32140
810705
128331
270778
974792
209932
973121
611270
389227
243770
403041
449950
545600
846811
366468
30545
585264
844000
791405
55432
688125
295950
768160
857740
457080
952198
722200
766476
774844
938012
897156
576820
873148
571000
841884
817850
661200
817972
930579
991616
410972
517870
49280
16228
749136
636888
381631
93056
563338
253833
879724
662190
848008
389016
482140
639885
249216
586852
51589
480172
441105
729396
958368
888160
802799
206750
43312
149547
435948
664720
265080
308375
464726
533880
345318
51264
550577
514151
60327
445560
181882
729296
857600
635958
460697
640136
328640
913178
298884
778320
908342
818592
968216
338900
333760
649010
486805
865255
90866
734360
693853
501510
394592
616925
351504
742475
448738
782610
425972
736481
700550
78489
340512
837183
73438
427245
450458
303289
912740
495766
548988
930843
605092
684600
24840
34700
99392
186710
408111
102518
489940
196856
556660
634263
279851
356950
386940
148568
862639
850005
385358
337978
503868
185800
142528
981952
810531
721548
431600
777160
494932
641112
388415
82436
950064
378726
861130
594721
542418
71284
885459
47028
37072
348112
17440
749548
856560
703620
442160
595008
422120
494433
165104
432707
198309
18276
316048
338020
398660
511372
143274
888410
165657
637664
340532
869824
63545
56704
911550
847434
670000
312736
815411
923504
705480
762700
900352
453840
784390
735422
507172
106375
715822
816616
443872
42227
262300
504729
471128
990586
787120
545252
509100
657088
21150
434877
397042
302650
409116
499800
971464
68449
327616
332444
257340
624592
384728
120900
446072
480896
30469
634600
731806
903090
302650
123549
615666
872418
602672
664406
783794
710104
699385
720742
993728
789859
835231
690424
378340
28169
828074
530874
357100
71880
883259
400980
43794
73888
801580
249208
326659
531260
1950
32133
852726
776112
34860
447530
351312
362940
302820
690566
639056
494808
22392
258919
237960
625473
8947
910920
197514
461485
126430
553556
534980
309160
358100
995322
34456
321191
49242
399046
177056
812672
712877
111310
99430
977920
353125
437347
552048
475500
200080
103950
172320
755625
483540
30459
937361
226169
384132
385954
391296
606032
795493
946465
938752
784200
124937
680548
335226
909674
231481
286184
909536
764177
73039
213597
152904
6630
907514
732116
252320
421599
287620
292095
945796
427696
841574
88540
356312
73364
846000
45400
468276
697032
287656
761255
119344
171160
24240
413260
545602
982728
35380
128406
933826
517395
873080
169635
572283
897900
95496
893222
229300
240956
991173
450400
454880
862750
27470
462099
78174
954500
222640
942568
578818
447264
260956
880616
359940
881609
280720
47150
701952
386764
772673
445801
2712
450805
902728
962412
926000
885846
846800
299952
174330
691666
424227
110766
450840
949465
326665
639760
608399
396236
701951
538984
857050
523610
923002
334025
247242
65344
601110
538430
625806
214825
309123
302464
955201
647368
320008
541901
994078
199867
470871
209298
731363
749618
573062
791794
899772
776000
72846
96908
833724
448100
7385
559434
746756
102268
639513
469445
31367
928216
111828
792024
479284
585019
844972
588864
333700
310512
549868
977146
982400
655700
671452
363604
606023
603878
108120
897280
456940
298770
877467
893332
227540
833652
225047
477375
932788
724567
366372
169440
997472
374368
918912
450090
957184
641032
558088
840446
846304
765680
557135
364490
421665
990749
723402
362311
280780
67367
512763
539130
476071
768444
119672
376768
297306
121930
205140
662737
332818
919315
867450
739882
805356
410167
798298
510468
336733
592534
401514
536125
293986
769688
126526
491358
883634
130145
13505
739998
460875
692156
848128
108816
386576
623109
336266
222962
886230
409464
622822
28814
413000
123928
105640
631232
954331
345070
902364
928408
983776
110648
682320
677953
147672
672644
177156
10723
398388
455280
239716
515880
117998
743829
893609
294310
175706
715480
568750
570925
433435
617907
710000
169108
986800
892992
931653
232273
572968
190310
539028
181360
604898
771780
88307
717805
260492
430543
344382
396240
754963
268965
984664
628275
373750
960054
669813
825792
769312
909632
587925
834770
647282
694144
948655
73260
922986
618110
772433
344820
781320
936455
390192
576894
388411
610624
207264
644248
162099
636516
609212
250384
613200
545984
516635
580929
562750
46272
63464
994737
320462
308808
401806
98250
722565
21468
496296
492310
823766
170021
529124
435828
73597
576906
898754
819255
370538
10173
994620
974844
495700
795290
927232
685226
630907
431590
264316
722202
345472
225498
67236
599598
777952
348745
272248
532099
951180
463340
137010
168603
618236
4480
593431
842032
68075
121768
342000
580096
438125
25644
915741
505780
693087
780064
155872
690228
67237
505098
254304
967986
427872
496768
97224
727658
971925
840878
602069
448128
580904
510824
361962
266906
428155
335696
617849
377778
738875
755952
18336
96112
48022
427904
986619
533740
773824
189108
30883
257858
320094
860273
824020
269516
826196
829178
133935
130689
753664
964540
712118
229520
933520
137265
749888
345860
526894
598720
721408
542601
577592
79178
87132
584368
792048
673222
321212
225927
97822
953075
212968
82036
951504
202548
755124
221998
910009
93979
713120
20786
782296
553050
187626
35256
491444
531706
968268
376543
357214
153970
100186
903194
933888
343280
734264
867351
880328
464071
505216
370690
367472
259456
202146
831744
76800
841170
97472
260393
543280
904300
391420
8899
304792
566901
458642
409624
613222
298226
294482
194120
804356
598220
223968
903435
254598
252622
160472
947022
933615
972468
469374
66880
456115
12200
750831
150641
867703
32020
873565
985392
599526
887109
986396
729576
581500
979850
856620
20184
475486
43262
695768
597315
678075
713712
415205
322850
331832
578332
305186
997800
486416
742160
795584
151128
220480
466550
786517
660678
658420
28820
415456
902982
35502
287330
722870
715355
619314
368000
994274
878920
698110
107245
779404
542508
306198
426536
253273
949936
440416
739408
995322
620232
138176
404865
553077
46870
77452
936770
542140
690032
179642
635264
457784
128928
594580
554208
695547
579628
519928
272810
961411
757325
408016
672827
742830
986063
239480
90611
686140
595736
936029
589790
886496
750863
714104
364740
117728
714351
84140
551547
254728
859478
601400
464375
660450
150688
835025
269220
510060
783720
48676
30406
779200
63566
749350
667280
412957
973330
708998
744602
240795
32224
808664
753975
540160
89786
925632
461672
316720
598140
159772
463326
768166
646740
194160
316301
803171
737112
439910
862268
672454
80748
160098
724312
446886
751200
922645
168933
273270
87200
90883
105232
880010
631950
377079
383243
569968
297160
681456
171290
424506
547440
348086
284846
845250
924119
292810
309400
594230
976178
97956
249214
126702
109250
300650
232876
732392
735820
360775
669308
748800
391524
46406
912504
647140
389553
257240
30970
538546
25582
709585
901351
400396
334108
954185
241606
689501
960896
224960
409248
377368
55064
721696
948759
825870
855044
520520
427448
175287
548540
140612
678966
871460
194620
976768
859873
74506
24672
371834
605802
3461
181375
481930
577670
934300
22295
731774
743323
604300
964832
387285
259515
804041
410432
775455
497984
598319
920128
815104
717130
587296
224575
688096
714567
868657
970236
316492
208605
460928
924978
976870
182208
896148
870172
822886
306700
666030
177880
898990
392700
698878
186960
249200
216358
982000
10604
571504
852573
191368
330536
873228
98994
873098
186439
398700
266892
924730
883477
717459
866696
718810
310284
417128
312465
505967
756000
589590
861463
202064
609344
720080
587320
977156
261060
933808
461390
870898
181514
499216
893758
17248
23344
505674
965200
477780
832204
677440
18260
83386
543496
845020
138638
284745
224438
876980
861090
563878
198506
275006
37610
138840
31900
634272
222875
642862
48828
636206
490105
901695
19864
755526
137000
308928
354609
377646
671572
755320
775775
531476
199376
231427
296624
866144
149096
76580
756040
482398
356236
994444
254631
375456
843045
636035
671650
865048
692684
91080
869976
949268
924640
159010
654958
317260
911508
252864
528572
230112
750306
234391
118380
842324
165543
688160
765060
61704
157700
711015
603842
696528
891344
810570
930220
731560
119955
769370
575652
553080
594745
579440
672750
165400
472680
515648
876894
463302
816512
943924
8280
848930
788272
532416
558410
538655
643727
704480
205545
626856
639312
145686
207820
679324
168408
757000
292000
790757
613137
239968
19740
714245
548101
248104
270144
105919
666996
53792
514227
756053
128370
353361
277042
603969
791823
593894
654326
648042
173935
851120
395989
654768
365435
245840
771364
275316
323380
489865
352036
577470
918254
206624
254102
936842
124056
569060
202730
943959
426804
931862
822032
870900
655360
686158
730256
52091
544390
659164
139420
785073
164160
877800
336694
676200
244955
847882
976182
360816
584262
738048
776487
895476
109470
816654
331920
388810
201113
930710
390037
179686
53536
753148
623202
412084
482080
403565
332647
763468
738014
36598
80750
499365
758968
636624
82107
8386
9426
950600
343576
147862
303013
15772
582146
88625
378069
26380
903298
775805
317050
92308
849184
188896
18467
865124
357430
385091
220440
889310
196115
357280
220740
40350
937898
334112
170720
638165
340064
393930
190112
199918
152392
858742
502720
758080
545368
143090
206744
760609
38192
789870
2514
557744
680956
674082
323028
101102
804672
496920
664021
41550
581215
367760
426495
868176
233273
230129
750756
946360
13596
647685
634432
712865
271432
471240
536685
910269
863204
177096
164862
651904
359695
297920
179820
617372
636007
218349
173006
143312
503520
955170
21194
723200
2528
35560
415174
947712
610724
981514
706500
866415
517520
947464
825085
514908
172340
351320
682420
853075
613887
511160
502008
784889
59628
963348
789120
574528
34522
311994
786596
845020
449957
208534
681988
305560
375690
573856
634051
832385
49835
553706
566970
276184
215142
633632
61868
716667
185312
413472
324890
931058
245910
472678
158122
850375
796229
743450
344540
524647
144050
489030
729948
339415
345225
357248
157398
862922
171918
830365
172765
705968
248456
169958
58190
896062
278576
232472
637320
641330
466880
496974
732498
714461
43896
985194
832300
499490
672640
617148
778327
367108
449784
867488
635488
360635
222616
615168
919313
792060
320460
947560
534215
166303
473540
983606
506620
804928
825020
490620
832490
268100
123035
463232
526680
555385
10962
480326
860196
833489
919400
886055
681254
313584
11721
287140
196212
791694
428288
34890
878186
565200
786486
822730
443287
100784
817160
79248
445467
301192
957146
754181
469346
667162
638582
983710
169628
306320
959695
452371
505600
610312
361540
503344
201626
109520
85046
929608
524180
599545
751120
424576
147648
481012
202008
527040
168895
910407
807125
172210
12536
487234
239672
338431
330570
405880
22389
577780
522388
927384
756800
251264
160946
553270
570240
32719
501125
360556
148423
436545
262612
952390
448095
657440
419618
302930
168760
173734
949628
370816
277178
496849
779120
393364
890140
813266
171660
330706
214624
228316
35337
463020
200528
697547
96630
755824
243176
74689
606080
576980
876120
318458
333450
325492
16088
225971
65370
933860
37000
675285
576550
888125
481916
923376
79010
131140
190062
412253
948776
19553
150032
860876
232368
389996
568886
800325
628888
709850
79811
18950
67400
998601
763622
974668
977743
859915
274616
564680
963656
669664
15734
396152
499168
57884
94421
310950
32516
999010
260661
762401
338315
181988
525380
633706
793440
300128
407511
963538
856200
470920
526310
757527
222272
430184
294080
323305
616624
504880
794688
128659
444916
100096
809620
540728
650635
694944
718882
893475
206464
867738
687448
397592
848424
879639
299452
500224
940720
339946
271032
440535
658356
364360
327930
538560
986826
369801
81586
982671
7172
531912
25516
503780
765396
264447
266350
970348
910725
199557
162506
927248
350976
505611
944896
929237
328000
673246
940560
540856
615190
866972
676530
890440
562542
712095
872675
93730
690316
592640
232288
428652
55123
368560
577500
823698
972554
681768
998704
45314
520960
496192
48893
7898
15762
621341
307140
807232
51150
98368
301559
63648
491979
290036
618232
853584
846741
94343
985478
900929
395050
235010
372235
687090
640792
97824
656987
115498
176492
475362
553110
989590
696219
521032
410954
825778
206861
526690
958786
574645
301657
73530
509314
538692
580837
182380
745527
428156
755473
287830
411720
451526
822151
934730
960068
798450
157184
218464
352234
371430
192480
469620
252915
975312
417655
268580
472247
867824
358672
256700
807128
817459
188149
284240
436096
311812
701462
824075
956246
895932
447160
789764
86562
776100
354504
124856
645593
753516
141670
88626
206136
33639
804580
12025
415863
862720
470144
668970
212123
246131
571675
219380
259575
260153
757632
970822
354624
366380
828582
52488
499930
13820
974508
540894
451079
565260
343472
256320
617836
407404
931664
369892
37691
837000
860270
939085
313227
517699
406670
952179
320046
713056
615996
724505
850025
72861
739756
696521
665709
104192
805645
663088
981600
556548
994530
332826
63868
363032
272516
76103
357448
581896
496800
204432
592585
638720
648766
357520
425514
300148
576576
171255
255330
658957
462700
858104
216107
912625
652704
606076
230548
740795
386547
780918
374831
937553
362644
335500
273056
302150
217310
228250
220088
188000
584404
252926
784710
77816
356150
492785
523941
128360
899904
912780
668225
900832
344586
847540
770340
587090
747462
748539
500603
268704
70080
485035
615400
479452
784032
527560
191840
421856
169218
140672
119375
627094
682303
553395
279896
130166
519530
277290
109565
986400
978656
757630
628545
612256
456432
631220
983610
707245
555636
95066
659384
468861
781252
800074
628070
301660
566712
435684
790562
617077
450725
303172
835603
19057
207950
971615
29086
778238
954070
102888
310846
245849
438576
972634
800150
182020
335905
664740
734494
624538
626983
482500
980192
458972
347520
214038
552753
752144
111380
624928
163992
854712
722080
976080
152636
396010
225445
305260
268416
662163
755014
867889
975120
297175
329678
65922
92240
935036
218762
816956
386211
870682
947619
278634
107450
465384
228150
985380
368607
564981
532630
538580
255610
415999
171776
993985
380392
128000
958297
702481
484665
384653
523220
216704
890520
159480
175184
882680
373402
89780
683360
871726
452284
17066
928868
919760
874624
62164
697775
805075
790579
858380
458335
439215
278918
568528
416260
390016
18356
895950
503936
876680
576052
914348
441822
985272
99120
183166
886286
453696
316640
880402
603964
943764
589402
310769
909920
424842
167652
103936
918502
954456
77606
866892
874772
929570
587838
538050
749673
852040
15078
878000
955181
974430
92094
45244
560050
907235
122693
874720
300565
714384
909905
638780
688725
227950
687127
416550
510010
980825
415021
787868
910180
559390
327924
181967
722017
677670
740146
516054
253700
570486
984890
971171
781062
826943
394466
857485
31020
266375
320600
523098
311076
133562
837880
570240
331715
268616
737540
349250
340085
436388
906631
252183
427120
666521
319815
984704
296486
718983
2897
869968
377381
432728
424385
252602
475724
889702
964168
490503
226862
775950
447552
528576
741856
669070
31900
568004
23090
581011
505814
677632
924000
163495
933735
659248
880810
741756
951400
6714
62153
749920
192048
813433
163834
157211
834944
196212
105064
516792
35424
468450
202000
293485
63092
178829
477250
690148
369596
599413
161536
86529
258897
49125
9920
335590
429567
46925
844272
314675
192010
852304
965111
419000
452761
485054
108056
85280
408658
342110
425753
177000
535808
719604
198098
452550
737238
252579
874353
29764
274948
894875
544206
218059
749470
919800
237580
793168
896470
507312
878799
292602
595825
12505
450784
793656
276003
535808
701094
261674
816808
107489
784670
447101
184158
465838
447989
86464
175172
287380
676232
166830
830041
792100
666382
737227
679400
231238
547970
889322
409575
895120
358350
439040
819015
15584
923200
375576
828741
83768
58560
274680
888730
300056
364256
115970
928612
566144
790980
256448
278375
157800
523072
799696
174180
965456
317211
878887
905695
645276
975680
666936
97244
723794
940568
263774
973599
372507
848978
77862
926265
353832
403306
776290
194780
645716
428558
617960
522138
650542
663859
953264
145155
925000
872004
813712
917200
603448
797200
53888
338276
255376
701432
846416
895570
537820
850544
679825
233570
230720
803146
549670
661213
421930
388183
460200
17664
155023
699450
222978
553450
465697
948320
957104
141520
505645
267837
282048
931204
504330
847127
49075
410048
919048
932624
522577
941780
126920
583488
333828
704944
13636
299552
543774
919264
389515
912094
476625
650658
694820
513240
56440
982216
455540
811644
109116
474528
54176
765042
21992
388182
387316
755457
810148
253946
883030
323491
510812
945695
108603
311830
868400
834655
87782
613677
789337
378722
275359
31350
51085
6343
228711
453923
944072
130530
10534
100470
893388
145029
304124
964740
676961
946656
333954
75595
670408
852840
76262
892398
852763
504246
89960
397593
760068
416720
463096
677823
691379
934820
78775
873500
314474
40880
857293
839813
566007
909544
997616
570416
307520
770094
813614
186763
921232
552235
39559
611911
389090
545952
783592
466960
31120
831670
596357
96909
928128
447390
58092
624944
370525
462466
380580
194820
298886
138472
204580
796376
47339
655115
68500
435400
279326
791128
598250
310233
411232
787093
160668
559056
911014
645194
739040
552700
40740
573032
524916
330918
346860
379353
740022
33832
546169
731967
657466
787135
470704
144606
443380
431354
763700
715972
205120
771037
664719
486500
835484
177630
958262
320255
355065
775360
437014
868144
316610
430385
165050
54308
75680
140000
598675
554735
613320
976590
198349
683312
617558
500416
621578
496116
421140
83615
838800
67958
666440
175172
673277
736960
125440
707420
30515
667128
50293
590746
206488
908330
86370
892021
772232
10430
166386
433099
293646
599123
47820
580512
465160
197904
569812
156602
471576
187690
874111
42016
106418
432128
2125
917055
368084
891792
496764
675372
191865
656046
993336
481750
798923
962770
258400
386168
730776
77422
482624
914904
954889
99854
289561
664112
336494
972040
31210
259310
212308
551470
375250
856460
342105
489480
845280
857320
514198
344213
953707
285860
742605
64759
712625
199248
864160
823526
145500
144098
824625
571407
517335
573168
774292
841268
340340
585072
542716
486762
704125
512960
461088
949112
324398
521345
924507
929158
774118
695168
16130
482850
722034
554788
263092
934400
420900
913356
753490
215917
682771
362440
529764
543690
281191
273294
464016
894327
372332
436736
746368
523059
305150
979171
915154
547612
240362
688722
802500
380213
96586
767182
227336
730324
115184
764912
218246
765820
872732
952165
171900
30516
229152
38880
81687
809473
347344
257760
437352
110432
981898
75152
30498
698316
470606
731654
771324
24384
215376
524704
221704
725785
816671
3320
777100
479954
837622
800296
167389
237385
924882
370836
559350
268700
996248
291688
537528
888389
219514
404420
95090
512994
780420
453728
819691
678168
49970
375272
109703
83370
649480
30850
762760
149048
371743
140560
840235
820516
534929
485632
833202
917030
800792
542528
703348
416130
785694
631835
703104
915192
767483
758944
832070
202985
3599
693080
596002
61288
961488
372136
743078
394031
60792
70928
286485
203650
35292
687597
184152
873733
995835
663816
945038
441762
969600
733331
876304
513384
138023
566571
244056
843436
683556
23180
808186
854250
212240
212232
944340
857099
478487
322914
800857
635660
629749
625900
274840
793720
61603
680648
335350
64250
903380
583248
949725
454472
4500
102618
215025
914600
905428
883150
929600
859712
596866
639272
548662
409679
365585
775744
852796
655396
897544
787412
558283
861790
324880
820391
455558
861347
626392
774995
972160
727223
102580
373634
29648
964240
508945
178228
126954
416388
194046
436608
731360
238713
576534
772780
127944
303850
267408
812987
748040
642938
122124
188057
3974
753963
675700
432464
518368
134568
691161
320880
927312
398964
437632
362264
249783
963337
817904
834664
232100
503713
91150
625836
71417
101587
289983
607114
140294
588592
271816
146210
215532
717064
612564
526231
355760
275445
622708
282696
556040
788060
444388
415052
620678
87870
977380
713602
593747
29120
342270
19284
918492
278058
752107
284685
578664
707622
33930
923232
779970
809424
210082
957250
720108
407896
879824
869925
327863
616980
522802
501822
843578
989332
870632
462856
746240
601485
945600
837336
800320
580200
952319
253360
234916
928343
642726
750236
859355
474073
324264
282673
835984
100516
298559
466523
380084
830156
664617
163257
999076
278939
489864
594318
879916
492894
892984
699240
791224
629696
978661
638132
230140
670046
992980
413612
395392
161335
39148
259960
644832
250581
684144
277749
611868
718998
662091
477402
670436
983734
530394
443778
175280
997696
304419
168958
642975
480697
38176
147800
448664
127578
413915
752048
840657
107303
838488
51568
789650
26176
244420
415462
689380
932329
460787
391113
802578
926006
21184
873653
598684
986778
870332
64142
138253
644824
498735
227794
237696
543415
224865
565925
54176
476464
342390
494344
177700
920481
701178
718693
818240
229975
711919
898450
580488
650132
101825
784832
578840
731754
827726
802521
21760
807780
530900
48770
383560
394341
856388
518742
65658
111174
848064
165174
844440
538734
262800
970008
925688
261600
176706
272886
550784
494530
939824
376302
437024
971571
626800
22510
366424
335582
28512
948038
191435
389770
280810
311040
519981
39786
1376
444985
258628
153334
353644
510575
820401
134196
737570
628921
1548
828740
160171
24739
222109
304068
469790
78772
57000
317020
528907
227640
255707
898934
327375
106904
589588
186516
321126
245826
422147
849200
576040
175300
929210
982019
150490
3832
379048
169485
741413
578632
352726
944700
895174
188706
66396
78350
196416
236640
596585
405760
170311
106542
290192
961282
633565
120707
571932
464759
373431
632334
33800
837435
257709
996411
292959
93433
350220
784864
244728
524180
627824
900843
538520
361180
17141
125756
423975
410884
346048
156859
156312
187150
664000
393689
766016
935032
400916
797835
818200
178720
268450
927272
656722
489617
553216
131440
780746
829634
920345
835508
969921
374800
292583
355536
785160
269160
736060
316544
486400
380668
347
163628
628519
515504
235936
374954
120400
687350
616840
558286
326798
292541
298219
377222
228560
594365
350686
556912
665841
323571
41696
603712
659748
643928
588520
69744
475996
347335
943704
246250
495292
306800
76788
902080
133896
633032
880096
557568
313080
690170
140154
672950
176760
145388
203380
140975
771018
777212
624104
800240
591376
107430
788234
917344
17848
908051
943394
866592
758922
266230
248384
762489
918576
926752
73889
615362
152848
938385
969227
407564
417448
252668
832998
160660
330556
466352
68828
430215
100567
882336
933728
488230
942293
805642
159580
270810
447900
11781
721690
643720
488808
254764
658496
497834
604332
332956
845120
590249
140632
472824
29881
421551
787901
726362
438045
582188
563146
68942
154600
354462
537860
303640
942000
427192
103958
456393
523687
146750
129850
576892
204788
239184
708276
811676
524506
500780
106300
953072
862400
176989
318952
948191
935040
59056
810138
197316
475318
798883
723257
168352
82000
325149
863152
919435
648617
184120
163980
171200
7130
945886
885303
440932
371840
545825
521706
371044
479734
824252
202900
595389
852654
848688
286960
152784
743079
362446
32407
313266
220652
59704
17720
804546
134014
259648
621240
146640
960388
605218
112338
987174
658300
638954
585531
544384
589523
281286
351320
983072
113522
365812
437480
711410
909300
149488
413825
50756
75247
510107
368524
421804
938158
620392
634308
790987
901578
270480
504492
374320
19960
388860
750656
941912
582564
182271
153866
989700
123432
56343
865400
247204
149776
853786
257118
90484
830976
12000
156264
977760
710292
88598
44700
356944
31121
227846
201334
472568
526526
189840
388100
760716
914809
406906
495764
386800
342652
65780
248970
730429
255270
652220
936464
512416
638202
548168
484452
607152
910599
119250
427515
391930
163602
91328
793464
134592
899413
400072
732000
459298
364320
130000
709248
207368
63559
68523
561020
12048
271404
334233
650333
810362
903204
572746
659138
38900
378133
773372
394080
831560
61360
109804
454448
659094
387192
291776
467645
5518
291670
287103
836165
162095
604032
513020
275455
502080
430
833233
600315
113360
638885
292930
821628
437064
463401
226664
430700
648996
984823
728312
8893
488597
713105
790935
807748
83008
321250
564233
881625
485114
607048
430490
900105
479090
595825
410988
6440
896380
245438
466517
958324
907909
667633
651200
769002
8292
160615
365898
547532
240268
593940
828214
491177
892120
748880
164787
713800
4152
919450
245800
468016
782586
524140
255360
782829
45480
509116
156991
310500
832020
335736
401849
202700
769480
720740
996246
451088
554244
676083
609237
905927
686192
741160
58807
885032
57988
890424
402640
368792
494784
114312
109964
841570
414594
624008
817248
902968
965242
304764
521490
132391
690228
487458
113658
81470
120000
731375
603728
991680
98302
640066
220430
382137
589480
483060
938920
961020
108272
664380
527744
604408
352898
492030
55886
636416
515102
149790
694254
689876
100971
592638
520736
251061
875056
149015
240157
561460
616397
593576
159958
788882
728557
271536
892230
374106
755408
45932
165275
637785
81856
871852
183446
333825
530012
506554
165688
575765
188910
554634
72380
71556
587248
482960
358970
837736
613424
832320
379124
106763
756128
411252
501011
100101
262396
333190
298410
908720
872648
115396
36281
591740
369800
797216
904837
804760
152690
754236
239210
495675
989208
755000
620330
791408
558640
648032
561770
933990
511868
637772
91610
469560
779636
80105
16580
864591
739371
538420
452977
404180
57600
150792
131446
748480
69884
630894
881120
113495
584036
159170
332971
395680
975554
557280
264000
523620
247970
378400
817545
302890
30340
616646
584238
593313
881482
118578
385025
678654
475398
493925
774880
152808
214200
516815
992991
583100
894184
471056
175600
667352
258090
9604
993322
425149
737234
979680
561400
83167
441200
331757
76557
600700
765835
678337
538962
636800
782371
114704
50294
380856
123255
323923
507456
413976
658674
133926
738490
949701
720903
274700
535800
197952
592278
584094
941772
407721
507824
757345
877300
977120
270108
769364
465064
458485
328008
385244
318832
335741
154048
464592
521536
388675
898221
867264
304608
758475
876561
337633
472000
126040
888065
455592
857106
391000
72556
215060
959371
685936
194556
951110
644899
630800
740852
505036
117217
294816
902718
939650
442646
931516
282394
266072
18321
944845
153830
634154
488517
266325
57260
981805
828212
34720
592034
807204
977556
852016
922925
895133
660450
687134
616920
689455
314186
760340
760694
176885
248660
409570
796136
347238
897344
521978
680608
898584
149348
774769
721506
862329
980744
436062
985423
315600
516866
402106
687152
578924
3392
728256
265260
720504
842633
155362
42860
922136
302414
660111
173708
840064
142532
362678
593199
18432
27464
301760
324760
378043
980626
629070
647540
875005
964884
559459
241792
445145
540420
656292
780044
919202
131800
527273
685768
639486
731912
172950
279624
167484
549625
526544
98590
353396
933758
650718
890069
321963
53720
810446
222404
29326
804975
557988
251500
300202
158180
205015
119191
712852
330008
964000
303128
289100
735379
293288
484698
582474
281944
969640
472640
173372
837440
868282
766049
46418
457440
572946
82782
120124
393335
239140
267589
590555
994549
727514
307120
635007
298428
995567
114800
741857
656589
859439
762035
828352
466914
422715
727724
878697
31264
583992
397500
354662
282050
817974
414640
852380
556964
99000
504450
16548
478949
99136
813777
684834
485457
588704
648028
637472
175880
175138
712038
33390
745828
353225
329748
510644
977616
661952
325796
434610
185088
940168
117220
789010
402128
230912
536649
696194
6307
936006
460922
907848
767232
309887
403720
682517
573562
896307
40000
737962
193632
211697
954622
321042
934850
410618
500084
109574
659616
989978
396815
314410
337594
95054
295070
781568
331555
488000
16507
144467
686868
157652
15242
489569
554300
620880
846204
779444
288360
21036
462336
805984
704622
638574
406156
540880
436700
876595
142814
234596
98945
82184
99176
939430
143138
219620
255340
38020
990400
641492
497781
89688
762676
435484
301405
367485
90475
188486
350640
418406
360201
436442
660546
978880
153000
948000
163584
230126
679604
198875
421024
972682
392685
457960
102805
76405
682517
410263
539620
27034
782158
213263
113937
511083
373736
656740
307680
443396
98159
219808
333743
428395
524160
415980
862960
362350
857584
228416
736797
582289
12776
266880
696143
234375
355944
255432
409292
88810
847776
355436
740364
260290
223571
848750
675573
88993
907295
17000
315750
953875
102194
458070
379800
794432
112350
200236
944398
324731
473700
917832
651968
934872
194150
26111
199548
564016
234390
841884
836560
358226
668189
195850
374939
693392
623344
589117
909416
86220
785632
646820
619855
556168
627185
94476
516704
199108
535574
173267
266198
942737
687390
981186
569452
987110
301684
271136
116819
743328
757928
617560
950402
787344
299648
236958
239680
372000
739653
68290
613728
810659
304610
221748
295620
835931
601324
313773
66256
526120
19565
381344
663487
9713
737336
493674
571591
505827
505992
38759
515238
884953
607900
801086
239187
769313
941375
995415
183777
247792
391719
48484
877140
72988
484320
43727
725077
437077
631040
816441
696040
980320
489744
775542
660296
890500
946794
95374
910880
704904
444368
535754
311194
130623
95488
903080
580852
923128
698754
345687
117780
952690
777721
247440
42400
599500
319572
714998
649704
649250
31584
969176
997985
99794
904654
668852
196035
756897
807371
940167
667700
377160
223392
845199
841620
222550
694427
162468
322656
932897
791186
440464
394520
851547
765180
420814
573207
853425
275964
238336
339521
986280
300052
213133
144928
194114
337060
921292
766205
866140
273204
204928
442176
353458
543965
204266
599936
11936
299131
317080
264320
835984
642280
90388
684892
614210
318940
844787
458294
410540
17760
182312
39495
220016
537440
2826
300284
102190
371745
657139
885816
538267
323644
303616
756658
952652
306796
439862
751804
254032
725034
178802
810928
237869
444912
941391
970000
806140
497989
989506
830064
1610
136068
685384
642831
342855
707118
201744
921805
518408
724694
173230
44040
884695
541642
992440
41854
550147
918155
842538
278237
32143
228000
87696
526706
955329
228305
947488
860300
587571
223464
699008
276960
131450
978422
511730
57294
662120
632500
709014
768300
787295
258452
949200
281020
99440
251019
294744
75776
170340
655645
151740
192816
663916
362296
737690
613133
649757
979636
563928
420935
169685
817152
200667
516270
796016
616290
780881
757950
520338
590250
37604
388497
156213
522520
465288
289882
426211
645480
614170
214989
9149
848930
963250
562454
129032
669981
665000
492034
83880
825624
305905
919616
572259
130358
858232
46847
365320
232235
500070
359050
561492
154176
389120
868494
894111
147845
471634
900856
400264
305895
608264
622660
993056
748046
752506
932400
882900
299500
131932
428783
298425
840250
137638
825065
736043
372344
347830
884300
892320
628100
128809
16902
86084
523048
587052
559599
940088
889930
376804
78143
406060
697557
440092
243740
238736
191886
65200
734969
286679
276008
736536
349698
832900
608622
124875
591588
929903
772306
736928
588392
876125
634296
656720
515118
431344
647136
388843
59678
784376
1894
41785
71328
564555
21043
237152
434922
964612
212985
779056
485277
708864
545346
742726
646780
592210
194100
391360
689360
795996
865152
393650
657440
727658
372642
146154
258754
314224
752024
453332
105100
999648
745530
695762
809284
715300
451555
892234
786770
442624
365000
913580
718692
969416
881410
887304
521851
918459
459720
779904
407372
186168
265500
427765
317767
118475
459494
36712
871232
247101
256960
283176
601305
368640
200217
558614
330920
486621
96875
659392
36411
119296
913728
172121
108611
695670
312818
286900
858504
50117
952180
718320
700612
879272
315700
775632
513404
222658
683008
832000
673321
565080
906545
260138
201290
623992
23012
403158
193098
561257
603776
43169
210595
626250
632220
990250
309816
936068
974428
71540
273463
683585
98566
722065
773420
989788
676164
122850
994700
102740
960961
274530
778050
21440
415910
116960
730622
680273
8406
589395
795540
718261
273859
629344
789120
620000
809814
200908
523980
325066
822200
805392
539736
728974
878693
446480
239547
826766
238568
725504
871716
90120
139931
180095
722200
43652
534735
293110
567495
256320
874738
527500
660440
426500
5472
375694
664795
961600
24130
605312
701112
166736
610475
553368
235587
575000
323675
686528
254720
963134
809528
123601
16268
253846
489429
803236
620966
317928
726168
531965
559660
628832
181501
376918
888251
356087
452303
648074
11806
526024
183411
926501
707450
640670
539152
26258
22358
70848
930774
855570
621977
202078
757250
239407
634852
706673
651712
317860
647748
863400
403268
675449
447400
350538
582588
907317
98448
598538
253285
959182
160812
105525
882280
212892
710598
165226
629824
551500
296964
127376
586756
525488
104340
216560
776072
803932
224360
255195
35642
143250
59775
80911
292618
617496
571904
546312
945122
946026
395575
14210
303130
335008
811856
419675
438202
840780
802948
826060
519190
435392
79220
212166
747008
911776
281328
797156
384525
900550
971694
94844
246588
17072
192140
321895
625116
867525
217285
704838
457160
810968
304296
993776
87007
77999
947200
294740
402734
526906
934396
785648
692025
828696
759923
932679
988500
890923
396860
503637
623985
710864
278208
565994
659512
101585
896478
193850
313368
120000
705820
523829
205476
918400
242721
33884
85283
956277
944396
171752
816987
601710
153380
876535
680613
88750
399550
764346
118350
409920
646912
769560
104
114778
271458
923530
810260
952464
1088
881312
525520
735711
461534
942320
612426
376642
768086
360376
582668
763474
1525
416160
176560
442693
809330
794380
650720
836112
958524
185385
24030
249993
775852
830324
699150
567243
373312
964652
708403
971744
882600
200422
137692
850196
839637
878272
381242
888018
70390
153123
894360
198788
65392
590475
252455
994334
651320
981205
447572
858430
24302
117482
271120
208352
175223
810163
581451
168688
123775
767439
154368
896702
974842
925032
274880
847522
344240
494917
476900
878124
784688
335604
284440
776548
636510
797380
920657
572095
811757
355721
743584
76200
491140
219952
892360
961776
907648
555833
255650
73328
512860
478203
268552
40686
687713
800764
658312
647620
907300
675146
412646
252730
39400
332993
481506
149355
105455
247078
356912
912464
649444
650304
325118
717600
662700
935248
208908
467250
2609
538709
761250
118432
377365
369235
424160
771171
834900
367110
950847
806656
478176
891171
622950
379015
402523
848960
428125
372800
658832
801911
337175
307180
214060
702858
608100
346576
144328
517988
620132
35534
318244
352760
223120
357490
175968
652800
147328
161548
902017
327012
418361
621080
467174
814231
60270
899800
553960
983033
297530
290553
360004
127816
738336
87496
221860
153760
682215
164818
672848
725770
249459
505412
522296
490140
37978
695218
464824
877176
103819
255640
957544
583660
331245
875712
82052
75878
427470
839423
217580
50826
119024
426016
127152
251049
88888
51840
304772
129397
666435
977160
110702
967643
17282
956426
902230
962738
750100
425680
115280
242700
252444
372698
302781
684096
354625
279090
225035
454250
788700
462310
154892
21731
365460
855256
552278
633229
815622
926832
811600
119979
181724
941344
492544
350658
992936
235216
95492
895335
332155
160251
369920
513920
193181
45102
432956
64753
312796
455752
260520
587220
30472
409745
249625
875532
576728
354460
301448
709224
728862
163780
120923
126945
552160
71036
271177
973369
849920
442476
413132
974416
327620
62528
29103
619216
353280
607958
533848
181030
416181
493778
494680
32233
438126
222373
669250
185792
768320
718178
508462
32681
457856
768160
593313
991205
39058
584484
345179
518096
466470
9748
344635
75344
192593
235341
161878
491973
616134
692425
613003
467831
938250
374216
153818
415234
691369
575550
149314
732047
954714
206036
475725
964740
253384
635658
869687
865657
236949
202264
78276
34568
554751
616018
794896
626554
735064
643776
898050
963312
523072
362925
569186
344625
105040
920309
609109
978368
506342
260553
14815
104940
464700
282225
42872
442841
979516
459110
22043
281120
671488
775750
292161
407280
328252
263768
580145
808384
603985
970256
694362
720420
187182
854966
517000
242175
965020
695521
165252
850840
515031
832754
809216
5738
341832
470248
211832
348922
232178
309520
319596
509973
19680
158628
767485
305216
763781
740328
311060
169432
839171
364354
986499
494476
473148
782540
685008
802760
984776
585870
513736
320056
519463
17018
599360
462595
601385
931
911621
444580
996344
901786
77630
932348
662788
633916
477760
790120
590880
899250
787880
176145
803842
806600
681934
865104
996298
450072
985217
277242
164010
324970
444096
557744
947984
877329
254922
249916
246370
952280
753240
570240
333420
514818
344047
600805
321250
487064
351654
202950
442948
290309
838670
131140
496226
354983
900976
267859
860887
365352
299614
210582
348340
648351
893900
711216
819268
987128
745345
316013
587012
979508
678099
300160
200536
622570
868120
228566
914056
112586
945300
966810
107655
312832
53328
452046
437980
980380
981250
306456
559572
261824
845286
663282
137900
440267
120387
72330
818360
23960
238808
739841
46550
879616
976319
962769
268300
533432
848380
473641
580296
263224
63353
794166
819208
456963
977868
613028
462812
708592
336919
726944
278000
329878
169276
104379
152382
511610
624680
862358
194363
288516
166168
766925
330565
605749
297020
815464
503516
452609
898671
543302
971200
914434
604272
845000
690010
716190
760455
291530
208460
344022
929488
669070
255875
577520
958880
280120
711232
621960
394092
956862
223329
2079
799790
210230
403136
676456
767640
182430
91840
218224
248960
217340
511747
179752
993336
783373
920370
453920
230800
641868
887357
372386
113000
184590
385126
969116
519040
507872
927027
34480
710332
603408
606806
364832
631232
79055
580206
268440
472745
276815
965576
867860
53954
983300
9206
260100
986784
275879
428444
102030
106841
570064
771516
723632
78162
554937
121169
76380
597264
200646
496237
210172
343946
757399
705611
403372
836447
591964
337642
264109
146442
511596
150392
969812
634009
741949
278800
478920
9466
295523
370772
754688
95972
83885
407546
333150
414518
538136
512661
849675
129320
79353
127150
760398
495785
916051
335279
818828
862745
511772
11969
790026
479768
435208
209926
846365
468854
679528
725540
533950
294705
347776
846598
432662
717440
646898
298520
971580
865360
741440
920472
745910
777895
125308
137190
655030
470278
538208
375716
262308
478370
781480
842133
571200
205628
657114
978677
294020
124542
77696
549521
111432
8678
964544
602784
905493
37750
946224
695900
625274
333237
331374
676977
641625
15114
605500
393375
522040
716124
2287
704860
802650
371360
59720
546798
110906
875640
123790
530490
311564
773895
848408
309125
775084
719895
675423
632912
202424
580324
112681
525142
291330
862230
372900
436194
308259
849433
532270
706363
64648
756125
68980
331464
392928
673470
776698
315710
646065
957450
401339
444115
69042
80690
718097
491480
909892
714098
612344
100340
972575
25964
115664
809472
902281
827538
882600
62180
591596
239815
912120
385920
180524
222956
605400
760755
220368
695576
554480
343709
282766
491337
313530
32541
547538
95552
225352
970922
860440
580980
615040
878584
651269
34523
209264
67050
864484
93274
110435
595600
196000
356525
801683
866825
363330
372070
977639
480833
738528
852
818866
318338
210452
429800
96165
891474
517854
867304
393600
593608
61400
746080
140333
773604
898399
596544
499310
35828
501289
739289
280920
707656
578827
369296
306166
843374
55509
610687
665644
446966
467950
979819
747409
645178
636000
107383
290188
950000
457870
96832
960890
3256
204314
310104
649806
454569
198142
689833
273700
211160
53787
930880
319327
521052
250664
752115
280916
326088
888369
400115
912938
566663
157440
944344
365828
273718
301340
637226
309128
150957
413745
475000
957568
859800
119420
256646
138575
320157
147325
526292
677960
63900
52162
138721
204240
744939
664594
19163
723274
457404
577272
983750
268442
264471
339905
34540
453350
966384
815120
79970
283472
261089
230000
217986
866558
595387
642520
41153
327576
508825
45009
465216
833634
125018
291924
300275
702210
981882
881781
470264
562844
778816
40120
174854
981545
169280
840855
15380
83184
702858
412795
880185
768640
463160
604347
471376
786188
606283
481368
393928
889628
815862
607232
953422
92188
500954
210668
990285
733000
412088
992650
856120
419797
803260
447870
855977
195928
566007
813181
794569
606795
245730
160765
978229
371172
404270
327895
764086
206450
273574
914310
42360
941332
632012
34140
589376
66000
165924
224840
840649
179300
22413
704045
862390
264232
841380
97567
857092
743192
321472
173228
329390
851186
997020
415624
95540
722446
25562
955200
639872
572264
794240
215200
517108
351712
622872
469536
472876
750663
788255
609455
692981
915620
793100
385919
541450
212924
627840
883272
885638
590372
687051
471456
197346
796544
954264
862692
764710
237510
208400
10194
681934
622527
220452
421350
781152
684150
272480
129685
196599
676965
137176
901732
990640
318981
779600
417320
609456
40188
267316
143702
894587
57822
336521
208500
250641
527619
786360
560550
527340
155536
535578
801848
583405
496095
920557
380840
447376
953397
348304
400355
413600
381112
271252
976270
440758
97912
358036

