690112
Not Exist!
Not Exist!
946143
521720
754434
250500
821728
1036880
384848
525915
918360
Not Exist!
867984
339768
1853599
1233448
767800
1878104
202568
408240
38529
1015424
1018840
1641764
176225
241775
1093932
1121364
1454516
389682
239562
730050
169800
1932016
199000
978876
1033722
349944
439110
1226836
Not Exist!
373468
660932
1462941
Not Exist!
770600
732550
Not Exist!
98352
215356
643950
1825096
76097
407192
1693196
406950
469748
58832
1552476
1104175
287131
Not Exist!
895476
Not Exist!
1577440
347000
1121688
1061720
1778188
1912020
1682796
853536
711316
803072
1391860
1256208
1771736
Not Exist!
795960
847950
686432
1052272
Not Exist!
77352
302304
Not Exist!
785106
Not Exist!
25316
997596
Not Exist!
1272064
1800532
834852
1181312
352625
1089380
1918460
367288
1596660
820251
1157404
Not Exist!
735550
391864
1102206
1943975
996975
1073682
106728
1438312
1611716
Not Exist!
805788
1091788
Not Exist!
320584
1116387
375996
624012
1256
1003376
2456
Not Exist!
828612
448125
205792
97680
685304
Not Exist!
397520
323868
1976048
530380
123480
496912
658176
754983
723376
796268
781736
6140
1724864
827010
357756
1761580
1161392
240604
Not Exist!
335016
1470820
1841444
1737716
249980
337568
1346624
755766
Not Exist!
1794141
1003520
1583968
476532
79100
251644
301000
276858
381424
842528
30348
393618
430828
1305148
841500
Not Exist!
1878920
1711568
868779
Not Exist!
404720
529250
807932
Not Exist!
335364
899100
748592
495816
476242
981512
640025
468352
787180
1196524
546246
747444
1067652
287896
1574440
258208
1075628
39480
230700
615824
687548
808708
1177760
1165520
1411775
757832
881181
335970
924580
976325
19266
184384
130266
302872
Not Exist!
1300964
1850031
890440
1337752
Not Exist!
1710297
Not Exist!
Not Exist!
312462
1124480
1883084
1880264
830228
1854228
1066230
Not Exist!
Not Exist!
417698
214732
514215
477088
357488
1019205
335079
205952
84944
655112
1258461
50650
439956
Not Exist!
987504
952380
680440
951108
1433036
1643092
1638119
1533580
801540
898236
367157
1576696
392800
814160
53621
81340
1941652
1334048
Not Exist!
1066784
866000
48896
265008
1170460
52050
Not Exist!
Not Exist!
881225
1370732
461500
58184
1439296
1110656
Not Exist!
318850
1191762
13818
1023780
1323524
927700
1231419
Not Exist!
960828
1574480
633258
1722040
1908152
78372
1249059
Not Exist!
1372787
407800
136625
270364
1121580
523712
130075
623836
211625
106276
227008
854352
1439244
674704
1135644
889560
403608
1818536
854500
525484
1319571
272000
410795
1210096
313578
409700
1631128
209718
1718487
716608
1876380
1494872
1402408
1561375
Not Exist!
605008
187542
503250
571416
1609601
1460844
895272
960750
34304
1505656
1137392
285492
273264
Not Exist!
1030020
1829960
516540
650948
1001496
1006344
800175
1104930
628830
257400
141236
121750
1204060
960728
1050920
1017280
Not Exist!
157656
Not Exist!
Not Exist!
724194
909480
271708
1323801
216896
615447
479214
Not Exist!
1489408
1818135
882500
126212
720180
441800
413216
1210856
1990076
987309
180400
Not Exist!
345228
838084
869272
588156
Not Exist!
1254472
39916
935380
987080
434044
1413560
428480
797067
Not Exist!
1421505
Not Exist!
428404
1436284
1475140
962460
1725201
566750
602181
655398
183020
1521060
282548
883488
1212344
1090036
1083400
Not Exist!
194202
833828
1187456
53181
1062062
594052
Not Exist!
242776
11862
195956
Not Exist!
368964
795644
1827416
860536
62916
95049
1328260
351612
455985
1996040
Not Exist!
1879756
55112
1149592
825950
210636
21950
883744
306224
995188
686150
1633616
1113536
814268
810450
1107261
1267508
554950
1171116
1579048
537057
1513899
1752992
90748
1064980
1010852
93240
112100
Not Exist!
479085
244824
38906
844400
724520
1019014
743444
85734
1833856
834152
1433048
309904
739600
81300
88360
2700
1362908
31292
147332
1772260
618500
1029870
139772
1174912
1253784
1323440
880876
187860
109372
Not Exist!
1238792
276850
1578340
41240
1085008
1978316
1358577
696476
1442608
Not Exist!
1115340
932050
636850
1988416
409320
673050
674456
352224
320778
1862272
587992
765072
97820
216424
392384
638272
Not Exist!
Not Exist!
933534
434525
1111410
577524
72040
692992
Not Exist!
689120
244320
Not Exist!
801090
890910
508525
1435384
Not Exist!
Not Exist!
39285
635912
Not Exist!
578718
562446
361104
182610
174488
135532
832140
39800
294550
579350
77750
1621448
704844
Not Exist!
1759239
1231900
787100
618956
1112508
930060
506850
178838
258210
1231720
142470
153880
985490
1803584
596772
375011
760575
127764
771084
547016
287712
863020
904014
698608
737732
47040
1009908
543172
Not Exist!
1303564
254502
706600
634944
1328416
24820
102720
496458
1333215
1122272
137040
268800
1850296
56320
773428
580416
1217060
538880
126825
600500
Not Exist!
Not Exist!
279356
Not Exist!
1740460
227220
124380
1044412
189783
807240
245050
Not Exist!
1077165
1591012
78996
454622
528880
480544
1377801
943260
1440496
Not Exist!
1394504
236034
1710140
645368
1414460
698814
1278820
855300
647275
1061730
316300
1047105
1344540
575588
513236
51360
Not Exist!
1644344
791388
1135530
899150
835750
995172
1851016
364280
187680
1703316
958364
1626176
Not Exist!
451782
1924804
365832
166738
826829
795550
Not Exist!
Not Exist!
273924
1161842
Not Exist!
928950
518250
723644
1695396
Not Exist!
936150
1621856
507204
1286082
80732
998406
1700413
1749036
995152
281280
1654260
1019625
530175
Not Exist!
763696
1857472
Not Exist!
Not Exist!
17901
362406
Not Exist!
1386892
Not Exist!
977517
Not Exist!
377484
8118
947225
1030904
477824
465344
1080896
1113894
144740
193000
776044
1098776
Not Exist!
1347794
1666120
752336
1309264
232830
605872
505538
3488
1767175
945297
129650
252800
Not Exist!
1096191
1128748
285088
Not Exist!
1306708
773120
1037356
Not Exist!
143472
930140
1268304
1454180
1040200
680814
1650616
1155663
759896
1353860
1403484
722020
1019548
743182
382175
Not Exist!
1799560
1364925
1992736
Not Exist!
1207236
419952
405056
304932
888966
497260
Not Exist!
685732
1241829
1716615
169548
18732
342412
69200
Not Exist!
1594840
Not Exist!
448572
497472
344457
1610548
604024
510636
Not Exist!
Not Exist!
469748
1125140
196833
692480
182331
673676
320608
992825
946116
783020
563020
194440
58375
333180
1583536
315852
1233200
1196500
1042804
1287622
768056
1338040
233320
1249498
1077210
704775
1478508
715580
1103922
563988
44658
419840
59808
Not Exist!
944644
958720
1269948
1636204
148972
1171300
1043658
169830
Not Exist!
935640
951492
987176
Not Exist!
1307828
895068
1117216
973480
561060
374112
501408
1043020
1374548
Not Exist!
1508535
289575
1366640
Not Exist!
479932
969856
1849144
Not Exist!
843025
1128608
641932
155600
1442970
787204
637204
847150
281856
897420
1416475
902000
613456
919480
185168
1244104
560088
917240
Not Exist!
21268
877164
1680921
193761
1624856
Not Exist!
1000179
686294
569076
1226151
552812
1198220
1065348
1278424
1029402
1291004
Not Exist!
432404
100100
939546
800613
Not Exist!
664450
Not Exist!
1382096
1484504
167548
143568
1426554
Not Exist!
1832440
666360
519648
267940
1475864
1492780
138424
1317584
270176
1717960
928260
1856403
517092
Not Exist!
Not Exist!
519645
16876
998460
271964
533884
281016
1053228
306025
1030928
590544
348356
1091732
343910
Not Exist!
1341944
1212992
1239308
1624452
759258
482480
1141088
274851
1079248
159720
1602775
787240
238876
Not Exist!
389540
Not Exist!
176539
303648
1914436
1969836
567236
205740
1419920
Not Exist!
851420
1002980
Not Exist!
246726
1289888
328000
Not Exist!
501080
Not Exist!
1064516
1681605
285560
785424
1753496
433800
1618912
1197400
440640
1538036
736480
692420
40080
51224
708352
401103
1163968
1790704
1038448
117270
847125
1264338
4046
289136
453968
1026976
1601180
295398
1823604
1416164
Not Exist!
1032786
1891112
Not Exist!
1189208
416448
214290
1214800
793898
1573225
1709132
1275208
918225
357960
161892
1051775
681540
443850
81492
1248150
799956
766854
1492576
1614109
1539448
532984
Not Exist!
1961464
92424
Not Exist!
1757008
Not Exist!
1144775
1016950
622080
208376
790587
403110
1488654
900657
972918
922050
1297375
80256
Not Exist!
719860
81268
726650
985325
1240432
1515896
163000
272140
1673708
683264
785000
840680
1103196
462861
831850
Not Exist!
585612
105579
1213150
787192
Not Exist!
649386
1919860
1267996
1564744
890988
1530296
904448
Not Exist!
46936
1478528
1154348
425704
1961868
317444
Not Exist!
1385982
621975
884800
1378360
550792
841311
292302
1190210
1003116
809500
952824
Not Exist!
814988
39762
321100
1596944
1994512
Not Exist!
370032
410650
414664
610308
1990784
625336
780300
Not Exist!
1401160
1287848
990456
Not Exist!
1062564
Not Exist!
741325
1490320
Not Exist!
188037
255212
57536
334773
1269060
428932
841012
262872
897472
406728
83150
477224
Not Exist!
1221416
Not Exist!
Not Exist!
251468
Not Exist!
663360
659044
Not Exist!
441522
920420
1228876
715408
1549840
528472
94124
1658907
Not Exist!
154008
1393732
853676
1390508
854820
1630016
1143875
1205804
1231352
1088055
1662777
1458558
1049884
657700
1183592
149550
640256
775950
1735372
1414683
324520
Not Exist!
496890
1676220
916544
Not Exist!
1141720
387459
33225
885000
Not Exist!
1026180
827032
1300014
788787
941388
1455766
305662
1266420
582200
1413896
1090664
1053228
1104796
498085
1433768
986592
1759692
125496
717556
Not Exist!
1232852
1802360
79025
Not Exist!
599940
9700
109872
198536
186064
246750
Not Exist!
1203824
Not Exist!
1410282
1038231
Not Exist!
554128
969656
1699160
1070540
778545
988432
Not Exist!
1816515
1127380
1364648
379467
815262
78080
1237728
771000
1479376
5776
Not Exist!
275670
Not Exist!
618960
761000
836320
857250
1150908
Not Exist!
110624
672250
626656
563776
695880
721668
1887459
138888
549048
Not Exist!
1302932
Not Exist!
1003350
507075
230333
974520
1851140
1043600
69488
873670
401468
550796
214880
885336
1745576
302984
1897777
1204068
9275
647560
1955032
Not Exist!
62720
103850
42848
Not Exist!
1588352
1223776
1480825
47684
880760
Not Exist!
1885244
648500
360960
915704
104
Not Exist!
679520
935225
696839
594558
716528
651900
70424
1090548
1531456
737300
Not Exist!
1389357
1074924
725740
238225
1831496
853752
1024256
257972
1640493
1173294
Not Exist!
858374
397350
381940
1969124
Not Exist!
104344
640500
Not Exist!
639875
1265620
1911339
199132
887656
144480
Not Exist!
Not Exist!
560745
941211
54596
161118
Not Exist!
557132
1231750
1948087
1091780
Not Exist!
Not Exist!
157752
1758808
Not Exist!
215776
740112
603450
317792
Not Exist!
1522984
571175
156368
1893704
973134
756484
527204
22332
112132
406168
Not Exist!
902316
752268
447648
1493829
763160
1125387
1037760
Not Exist!
1246452
260548
559647
828168
Not Exist!
340245
38704
520470
452604
978536
1516136
161340
72368
Not Exist!
1577261
1972108
369990
6684
Not Exist!
762776
1710920
1022140
Not Exist!
633648
1019188
1417806
435942
315054
1392453
Not Exist!
144702
293448
1263267
184210
378630
901440
433084
277320
583528
829420
881840
Not Exist!
381904
206080
Not Exist!
154192
357756
13668
82596
Not Exist!
Not Exist!
773120
298668
665172
1819676
Not Exist!
48450
1196150
Not Exist!
1881664
33561
1054530
1193665
1731664
71300
1816140
Not Exist!
1381580
1101224
1436020
Not Exist!
1229380
108945
182520
307461
1582065
981240
1514588
777356
Not Exist!
1540792
1707820
253080
Not Exist!
Not Exist!
95072
Not Exist!
851475
Not Exist!
1728544
536814
272148
790500
Not Exist!
599520
558926
694516
Not Exist!
326388
1195728
234912
1157720
140348
896506
617310
Not Exist!
1696280
1048302
1840784
148324
718864
343216
106830
1958612
310172
1791801
835988
825548
Not Exist!
1007688
711850
Not Exist!
Not Exist!
Not Exist!
151900
509391
852260
1533784
56400
201450
Not Exist!
266672
1355140
1968524
670760
811760
641410
Not Exist!
101250
709784
1432359
487856
537192
578872
185614
273924
316700
479168
898120
1238950
145854
Not Exist!
1558425
1648220
207888
943532
195148
786186
323304
636380
420250
441840
93348
550450
815202
317216
1773352
1492099
883430
1122516
1544481
1021420
1121368
35648
Not Exist!
984664
Not Exist!
Not Exist!
1266136
1259684
1613980
794288
861984
1114324
1500037
501525
Not Exist!
482724
Not Exist!
968814
Not Exist!
1831775
1191408
1588633
Not Exist!
Not Exist!
270921
288640
1076515
1803940
855496
1060268
203700
849024
1539748
1281720
25204
1310872
983380
27008
620250
Not Exist!
258875
Not Exist!
790480
599856
1191448
1307916
736860
942388
265400
272992
398502
1983932
1836909
Not Exist!
1777856
765810
62696
651582
245960
541876
593811
256
435735
644760
837644
699096
734060
1328375
Not Exist!
1265160
431055
28730
1163080
1685564
452500
1818116
705393
948032
393384
Not Exist!
692468
62379
121020
Not Exist!
787320
Not Exist!
1782625
831760
469100
330672
868700
134380
910025
525260
1030574
1695195
1278603
1450
958170
Not Exist!
1653616
560000
530500
356800
31790
1797056
1372760
423814
1065852
1243550
1595656
1850060
43408
Not Exist!
635880
1542475
909018
280796
Not Exist!
87040
331600
1066880
45480
839050
1144432
Not Exist!
Not Exist!
Not Exist!
1079748
Not Exist!
Not Exist!
1844580
980588
837012
1522352
221824
1451128
242080
865400
670976
1969756
456716
50800
1820944
410020
515896
324142
290340
Not Exist!
157952
Not Exist!
Not Exist!
Not Exist!
1190790
1099658
1635232
Not Exist!
692300
Not Exist!
399560
797660
223840
1745252
296205
151592
1212548
356008
1349196
1713236
Not Exist!
728150
306488
1769908
716560
764112
197168
1229382
381555
670950
650312
261064
655940
Not Exist!
170730
734732
Not Exist!
691140
909800
174760
595088
Not Exist!
1382148
1212976
1410425
89676
532248
599950
1034292
883232
479424
542448
Not Exist!
295750
Not Exist!
687024
71360
Not Exist!
743900
1058008
926127
914876
1271790
598635
1412676
1043775
1856308
1503604
1125860
415582
752778
1737860
1109240
1298358
780705
1016280
Not Exist!
829480
1908099
1845080
551984
263680
1892068
356950
1419232
Not Exist!
113206
60368
78596
541800
731856
751350
43024
580975
Not Exist!
Not Exist!
1382620
575688
751758
Not Exist!
40131
815784
1098544
802224
1068600
1214256
1800135
537050
3159
947136
789440
Not Exist!
394940
40380
992044
Not Exist!
1582832
1036964
881832
762850
110840
779736
939924
Not Exist!
425678
685084
830268
294660
Not Exist!
200583
1497404
1030920
834880
1294580
363050
Not Exist!
716454
857174
144744
Not Exist!
1056824
260576
1882636
1598708
216204
Not Exist!
822367
83790
59164
Not Exist!
964413
842500
1986356
1966352
435416
912164
1600424
Not Exist!
1635980
195350
544032
1691768
337540
303050
543920
Not Exist!
Not Exist!
1415076
124500
836768
66956
629225
930484
1162712
150084
Not Exist!
633152
485100
90152
943550
1269738
1361872
661302
471072
924764
Not Exist!
760732
452896
Not Exist!
Not Exist!
1331524
523168
409600
1006025
468656
1228914
546050
678672
1435948
701708
Not Exist!
650754
1462284
133664
1627492
163048
670656
89720
Not Exist!
Not Exist!
675396
437060
1297436
1102780
442700
1129930
Not Exist!
Not Exist!
662708
898592
1188153
577664
Not Exist!
543560
1325920
Not Exist!
Not Exist!
352065
493750
949320
630410
932196
564350
851320
1114672
1799829
298450
521904
Not Exist!
84780
818420
Not Exist!
103878
1008340
478328
1426940
621044
337040
Not Exist!
744444
6966
Not Exist!
1315480
73692
1825925
1733488
1134575
1511029
622544
1883752
186496
1842608
548656
97232
1301364
780904
38412
1355841
1481608
Not Exist!
172900
Not Exist!
Not Exist!
1575772
128675
1363496
Not Exist!
Not Exist!
1421972
180800
614944
Not Exist!
849969
Not Exist!
Not Exist!
514794
246564
Not Exist!
576164
1194025
717525
121030
877635
849096
1135964
1987988
1914885
1245975
Not Exist!
514004
336200
404082
98292
82026
1151788
1263848
1425972
869616
373472
961560
Not Exist!
215776
944220
26190
1378332
1470544
1952271
Not Exist!
182405
1995416
Not Exist!
819325
220256
1080585
1324112
1154636
1520180
Not Exist!
246719
182250
911708
1202708
918150
1108233
1145944
911408
402680
370860
690152
1146604
Not Exist!
1241188
1468540
1109826
Not Exist!
613720
268375
757360
754880
Not Exist!
688329
266684
1481128
319842
1124840
832914
209772
1651833
Not Exist!
1038750
402426
698272
306198
1281865
681304
Not Exist!
618360
Not Exist!
1008254
61908
1952145
1841124
Not Exist!
606425
Not Exist!
732280
853076
109216
99027
953216
650464
1193680
272584
1044164
1983328
Not Exist!
78568
906160
926950
475604
385628
1195424
1024324
917670
1367235
1504360
25536
1156580
113844
Not Exist!
135650
804080
800232
906030
566408
1385576
1866616
391460
188280
243824
562932
1379416
1224400
Not Exist!
1350118
Not Exist!
580480
1754176
1943480
Not Exist!
864950
Not Exist!
Not Exist!
1129496
1226980
1211640
489788
15174
1522744
67740
925752
Not Exist!
969108
1658625
123420
1415356
725280
Not Exist!
478240
22848
410708
182976
19620
399300
Not Exist!
Not Exist!
190836
Not Exist!
294960
521475
906396
229525
Not Exist!
Not Exist!
1252072
77216
122800
562113
380385
568242
326860
1636184
1292528
1142500
1006155
354250
501570
Not Exist!
Not Exist!
Not Exist!
990848
1176648
Not Exist!
103112
1406466
Not Exist!
Not Exist!
Not Exist!
Not Exist!
335412
1592036
Not Exist!
1625476
Not Exist!
1332125
436220
Not Exist!
Not Exist!
Not Exist!
819412
1866068
1273192
Not Exist!
1012100
330696
573952
1025936
823260
671956
820750
1974940
Not Exist!
1041660
1896903
1753076
204128
Not Exist!
Not Exist!
856696
431850
Not Exist!
287836
Not Exist!
Not Exist!
862760
229840
Not Exist!
769000
432756
878004
521208
67472
Not Exist!
1472288
131788
600356
993177
Not Exist!
465534
859360
1273815
171369
1346096
1880975
1428260
1662428
300440
177480
Not Exist!
1063540
33180
Not Exist!
338764
1506824
1485556
Not Exist!
1025178
Not Exist!
1231472
1058180
Not Exist!
602708
605496
1463536
940952
Not Exist!
1969407
961248
879696
1960808
988866
627820
276925
810120
1024380
1920716
385032
Not Exist!
125672
885942
Not Exist!
471488
Not Exist!
1246410
Not Exist!
840925
617300
184203
1630925
884790
470380
Not Exist!
741456
1044112
1701012
276260
797856
808380
Not Exist!
1786864
357748
1737256
1813916
805368
762588
756413
341812
1176250
1953876
1358847
244660
353436
Not Exist!
954252
350550
1613192
Not Exist!
513810
985252
971850
1303956
1444086
1575208
460464
1189360
1606072
1307932
1064120
1014350
1983908
Not Exist!
188180
202588
1659308
244314
256014
530784
51804
738560
983900
1091402
835424
19224
Not Exist!
Not Exist!
813591
584226
1412660
54162
739936
1534372
Not Exist!
39852
563396
1297948
114544
491908
Not Exist!
1391660
Not Exist!
1006298
825084
992220
1228852
710316
Not Exist!
403772
1033173
276485
Not Exist!
1222950
1393520
608996
1242800
Not Exist!
1539512
1229152
1051480
259220
241184
1015750
843344
417350
1478936
1923880
889434
1162602
366912
820760
1418716
1086532
1163860
887220
81270
1332684
446490
964308
1228698
1981075
367008
543356
Not Exist!
687840
Not Exist!
1900287
654675
Not Exist!
584120
Not Exist!
39250
1000395
278334
142100
1025568
316264
Not Exist!
964296
1118812
Not Exist!
1399616
28440
1242784
1046596
419775
198080
261952
177280
737540
Not Exist!
331560
568188
604153
119872
850761
371943
860920
Not Exist!
Not Exist!
1940128
214304
751000
246512
359680
Not Exist!
596844
1692620
1222460
1379007
1977237
742446
260208
619458
Not Exist!
170056
28264
104912
1545028
727040
138186
592936
Not Exist!
49384
600076
1042100
784924
Not Exist!
317608
1356108
1694312
1384642
Not Exist!
824950
Not Exist!
315480
1072984
565376
483291
1264372
1853968
910240
1130628
204184
680250
42606
86050
912050
982548
68425
123848
1818512
721752
1683904
860220
998775
721972
721845
491960
Not Exist!
323640
1549168
800150
1142324
Not Exist!
1120132
751920
570692
367938
Not Exist!
360480
Not Exist!
506530
Not Exist!
Not Exist!
971950
947320
703152
1053036
871432
778568
1604224
1232732
424672
1132040
Not Exist!
195824
660980
Not Exist!
460656
584632
746604
556700
1784576
361920
902248
865340
Not Exist!
Not Exist!
446472
1516239
95800
1400778
607110
258500
Not Exist!
488160
43578
Not Exist!
104212
1763860
Not Exist!
1162600
446484
1237050
562076
1192192
1135860
1653540
1494794
1433372
868850
631348
389672
1551758
Not Exist!
8680
910000
Not Exist!
Not Exist!
783720
539172
879236
900400
425184
83475
183690
119700
1520648
890250
48132
742420
1842608
Not Exist!
1406728
Not Exist!
1235925
Not Exist!
1414546
1105904
1823620
1996784
1813904
475168
728824
982464
768800
1077248
965880
605300
948350
Not Exist!
1323408
88065
1311328
1115696
645432
915021
1043752
715820
972640
341136
1325168
Not Exist!
1180016
Not Exist!
659752
50704
577212
433744
1110504
973521
Not Exist!
14895
625347
151664
1289104
1438029
906444
394556
1191016
1694675
Not Exist!
1621888
505520
839296
223794
1507088
196150
1208960
715550
306400
Not Exist!
1904028
732940
222200
1432692
1568028
1481907
757760
315340
1543840
695548
Not Exist!
1523360
249424
1813220
Not Exist!
361900
1016413
988592
895468
Not Exist!
1208280
1329944
257728
1745991
249158
216925
1513644
864432
1149280
869676
Not Exist!
Not Exist!
62298
215818
1014180
41699
1177328
721512
129006
266080
Not Exist!
378712
680975
94952
1792216
867612
1551280
191350
919580
1316320
171045
584220
70749
Not Exist!
1277468
1996212
709772
589700
1867956
1238024
1252716
1977320
Not Exist!
1041472
207999
1212050
605780
360850
1589284
298900
Not Exist!
1040317
573390
1831288
1074168
1537880
740180
1503412
555736
1836388
1711485
759420
Not Exist!
Not Exist!
1112192
800010
1144475
522850
Not Exist!
1021410
1090700
1485548
504008
1160225
1433480
1533308
Not Exist!
1164700
1744065
616700
1162868
1391168
1052824
702536
1470736
789056
437580
146964
Not Exist!
656300
720766
25784
Not Exist!
1029324
1849780
Not Exist!
423729
1697104
664244
1181660
969039
874960
781920
560240
189850
722764
Not Exist!
383832
1461088
Not Exist!
Not Exist!
Not Exist!
1108332
554470
843840
39752
1060380
Not Exist!
1557332
420950
380448
1166494
276224
839750
1226936
Not Exist!
666710
949100
174080
923824
842130
Not Exist!
905800
Not Exist!
422004
1465980
1560304
Not Exist!
712575
Not Exist!
Not Exist!
31016
Not Exist!
116360
Not Exist!
349340
1600628
Not Exist!
1449416
Not Exist!
1136768
1314477
618858
Not Exist!
311472
1145142
1059160
64988
432660
Not Exist!
1165896
491150
Not Exist!
1864812
493480
1036960
533800
777752
93160
1556848
694112
Not Exist!
746050
Not Exist!
821610
402192
1182724
Not Exist!
1517360
115050
1076600
Not Exist!
Not Exist!
222640
1951460
1251745
950080
Not Exist!
818950
1870732
820432
659040
Not Exist!
163960
919700
1753216
145200
967410
724972
784026
1780304
1951736
1130268
241724
806492
656730
632040
762364
1275744
1453636
294210
1191516
1129600
688850
1087708
1085930
788768
525500
Not Exist!
777996
556760
1710680
1035700
1609052
1140508
426344
1586996
968344
1730204
61580
1006836
1303925
1646780
1268334
468954
515000
15570
1838440
1193382
363350
620716
Not Exist!
418320
1347025
1909917
1078844
844448
Not Exist!
497520
Not Exist!
260850
1158636
1009876
96708
Not Exist!
373564
128364
344358
Not Exist!
713000
1997704
1924925
276360
319720
230376
366200
3075
1456612
201708
424536
1015575
217148
220409
1187504
1323276
117740
1358912
1908988
515250
Not Exist!
1824752
868500
912760
1160440
1119388
858870
Not Exist!
1266036
717426
1971464
861612
401114
Not Exist!
508130
458750
374490
Not Exist!
1851179
Not Exist!
1166916
410860
1975652
Not Exist!
1064133
Not Exist!
44372
1140237
353094
Not Exist!
804100
Not Exist!
735300
1350448
1545560
1094596
1858664
427806
Not Exist!
740925
1070658
177740
950788
114132
108480
Not Exist!
32920
992816
309608
173030
104598
1316392
Not Exist!
906800
Not Exist!
166360
766812
168050
396256
1053896
1502696
Not Exist!
Not Exist!
1147820
982568
724812
738152
Not Exist!
273232
467184
Not Exist!
763830
597968
Not Exist!
Not Exist!
Not Exist!
926802
1280480
518624
Not Exist!
441585
938446
940636
Not Exist!
1278348
Not Exist!
764640
Not Exist!
Not Exist!
1077039
734454
Not Exist!
362430
292250
1155812
Not Exist!
Not Exist!
1424028
1716940
412504
1871125
68208
72812
1668664
Not Exist!
Not Exist!
660132
254364
159000
1392704
775305
536778
6432
606508
218048
1590795
316672
354940
728048
773010
Not Exist!
176984
1068204
1713465
1558428
1883225
1180234
136848
1029240
57056
662550
62230
1140818
1482675
304375
Not Exist!
563650
303678
696200
508000
1340325
668612
1656636
420976
786304
Not Exist!
759425
687242
1118116
Not Exist!
Not Exist!
577380
1122048
1545464
Not Exist!
1290808
291924
168260
96840
1400984
985250
1481094
Not Exist!
28092
422960
1380080
999640
1096360
265804
1363216
1074740
535150
583240
1570275
642760
477020
1461980
955521
314847
750252
Not Exist!
303210
1751396
632560
Not Exist!
65430
75744
1104644
331700
1642064
1263608
81432
1917296
32250
755844
323550
491552
951552
Not Exist!
1329088
Not Exist!
556196
Not Exist!
196722
1621580
312650
1899376
16308
295911
101508
136504
19894
941751
Not Exist!
622204
386560
800480
457088
1242136
Not Exist!
114660
92584
337450
1016000
923580
1088720
568752
1426581
Not Exist!
919520
49914
Not Exist!
645808
1765936
442572
597604
899232
687242
Not Exist!
989992
35076
57896
44475
745225
168320
1883961
879044
12366
568188
170140
1936028
Not Exist!
876736
954123
18540
243720
1668440
173152
796160
1665027
494832
Not Exist!
1708965
1166160
1013260
684800
304012
454404
1273284
371368
392680
Not Exist!
615808
25936
1259091
1548225
758656
984140
1183964
900180
1820331
1261530
830048
370520
1945616
488750
1286960
819236
940986
1400444
Not Exist!
619032
1294362
985840
429700
457272
119280
278520
341584
1691888
Not Exist!
290100
448148
1173208
1264344
218692
609750
878832
376880
695152
Not Exist!
391853
230040
Not Exist!
Not Exist!
1625556
384471
1276760
464480
1402820
485786
767612
Not Exist!
1755704
723728
1377736
1485636
1642112
1038688
21450
866650
1265692
51856
357760
128172
88407
Not Exist!
Not Exist!
709460
1595225
103488
1040250
533196
194016
168780
1867508
90748
1331028
540608
519812
Not Exist!
1352912
336690
1044250
796194
1446180
299264
302132
659960
1718096
Not Exist!
1194684
Not Exist!
571960
106496
594566
424275
1218768
782548
393276
1222744
1756925
84752
403164
1826584
57404
56460
1480496
1406628
1258040
927332
1991212
Not Exist!
Not Exist!
549729
662056
669510
1395164
1393124
Not Exist!
237474
955010
133146
865300
28496
1415580
309680
279312
599250
1926448
Not Exist!
114750
786176
281072
1816904
104248
37530
129492
1706278
64156
938280
930060
856020
1735456
Not Exist!
Not Exist!
1251075
Not Exist!
501356
259210
853100
1110400
874568
511408
Not Exist!
1203570
Not Exist!
636657
Not Exist!
Not Exist!
785616
199708
488014
711578
507536
693084
841264
335907
376083
Not Exist!
532800
459620
706676
580059
369692
922905
341524
695548
Not Exist!
569970
1135424
842320
440344
1361796
1229524
1414420
819712
933058
267968
544128
719950
320332
713796
828045
Not Exist!
1402496
730984
1132722
545900
Not Exist!
Not Exist!
953944
390416
379575
Not Exist!
Not Exist!
583088
Not Exist!
Not Exist!
150536
303484
Not Exist!
72720
44928
936428
1010390
3920
697888
48870
23488
266760
670482
398460
1891744
576045
1138608
840944
993700
10982
Not Exist!
1382816
572520
1656380
602232
Not Exist!
Not Exist!
1524472
1585424
Not Exist!
857936
150464
779088
57916
180225
Not Exist!
416232
171264
1755531
982125
206360
519606
707520
833184
1579588
706240
364702
742720
826328
1042875
1159264
548068
571095
Not Exist!
118908
1147316
762820
784768
840056
516060
127450
Not Exist!
564060
1589452
606950
494944
868300
1050980
1615288
1837287
368120
1158224
Not Exist!
190456
Not Exist!
309536
108140
1593575
Not Exist!
699768
928424
156475
597332
731144
50120
928232
1583312
1123216
1158536
Not Exist!
Not Exist!
144476
531850
453800
1665405
218043
Not Exist!
1343646
1462348
1855568
Not Exist!
81608
117348
869288
404396
1248962
1152584
1314828
444928
619650
1490433
440190
605504
Not Exist!
837702
Not Exist!
Not Exist!
329075
1271972
1007780
737044
746812
922264
223948
1809464
494672
1325790
1065260
168820
1767380
1104100
512676
602320
730232
283392
848392
790720
660704
1655908
Not Exist!
846888
122304
441008
Not Exist!
17620
458523
426465
1791592
92752
221450
366732
Not Exist!
568720
994848
1222180
704548
539550
Not Exist!
1536368
1650488
776750
1693072
583605
75000
1108422
15102
1322540
493852
571480
1762928
1294625
229608
856107
1173964
1631668
140980
Not Exist!
1104534
556056
1178972
682550
1576928
1737916
767140
1338548
652626
593760
916587
1157886
Not Exist!
323775
1424672
1860760
150246
585725
60212
1444923
1808916
813148
530050
593216
654400
811890
1782544
577600
470275
1338896
1249110
22076
8978
1167108
1363760
949164
519684
1753252
229580
994160
215140
807344
816345
1637432
236752
241776
1690084
879212
498850
239652
132632
178872
425000
1935644
265264
538750
313092
92296
686984
Not Exist!
Not Exist!
136650
1608328
Not Exist!
Not Exist!
Not Exist!
1640675
807400
708060
119718
27425
Not Exist!
356337
80980
529628
293150
70140
257950
1032228
355350
1246128
Not Exist!
308798
1429209
Not Exist!
939420
Not Exist!
39321
Not Exist!
1451727
686528
434079
1342508
482292
1992555
390258
1201374
943351
506108
1447664
246064
1143704
415050
519352
582708
Not Exist!
144350
1378062
363312
71324
137646
1345188
567728
466569
1299336
Not Exist!
230648
1228912
778904
1366880
140337
1165828
1198328
1783552
Not Exist!
Not Exist!
1496052
1080
1658920
Not Exist!
866536
Not Exist!
502240
1562108
141180
1112600
289026
1973792
1252538
50572
565700
1726976
715088
1409748
609840
944910
1248064
1629248
208775
562908
392686
1365340
1892456
319452
347760
Not Exist!
781768
Not Exist!
490740
1318815
1141641
862722
860526
436040
544900
1143484
1632904
1330404
1493596
280524
451144
671958
1337188
533178
1693568
129600
413217
1865852
76685
58956
756640
1834828
1071798
474952
706874
547614
413312
1419308
556812
1592428
1831252
207198
157800
Not Exist!
939673
1980428
609412
1590920
Not Exist!
1046196
507640
187472
1440224
486908
Not Exist!
1208853
Not Exist!
1932780
371016
919350
996600
461010
225600
939114
Not Exist!
1344084
291750
528176
24464
825048
337230
929536
1086831
Not Exist!
Not Exist!
1573012
1915168
870424
1409912
Not Exist!
1809560
215944
804750
609200
1393940
1317218
1142484
1004400
1749368
746270
394506
1333173
118236
Not Exist!
990400
762800
684432
102980
960796
1784660
420795
1050268
961000
264544
535352
741336
1023084
1188284
1161882
463590
1306764
1194152
Not Exist!
813393
Not Exist!
1813552
494100
1883264
343062
172792
386725
95850
Not Exist!
174925
188500
515664
951872
Not Exist!
1383354
1064192
313390
1135550
799000
515404
1148922
Not Exist!
1592312
1174375
940768
124916
1127
1146984
1472728
932750
404874
988696
Not Exist!
292094
756324
61184
1047625
1354084
34416
618004
1248570
Not Exist!
Not Exist!
5944
840400
810832
1370936
219452
1456764
289975
949904
993024
751905
1416760
766780
522684
1483572
308990
680084
385860
81594
649782
944568
1807428
Not Exist!
355456
993784
956900
976185
431908
354175
Not Exist!
Not Exist!
1811675
667928
830250
Not Exist!
451906
126566
32180
Not Exist!
1101285
941120
378459
1257920
630350
Not Exist!
1650328
392416
520480
406375
802782
1452440
1822736
245750
Not Exist!
1738336
963830
1289975
1573256
348932
316504
1308216
Not Exist!
1108288
Not Exist!
1769468
79938
587000
48510
1045350
781100
798750
Not Exist!
194031
1261044
Not Exist!
1533468
792476
470356
593408
326264
583008
475532
Not Exist!
831775
961760
82960
268182
1647616
722828
Not Exist!
1817260
1703548
741320
1185174
981168
813024
54250
1629692
885628
1111050
Not Exist!
284644
279075
835600
546720
659934
1187560
1750372
359104
Not Exist!
1023021
Not Exist!
202112
713320
64280
1042335
164997
541556
1049776
419864
Not Exist!
1222540
Not Exist!
487540
1209123
719920
600160
Not Exist!
549702
152725
658422
890420
Not Exist!
68224
743175
355140
960200
1715480
571350
1904396
830530
1021968
1549688
1876024
935922
1153640
1746296
713750
1262826
1308560
743850
1635944
Not Exist!
1890268
821944
1035740
53900
32456
842778
955332
Not Exist!
186112
1126676
761499
1759448
1324380
1484014
518688
964280
1919655
257004
1173704
1186547
960344
1323315
972528
1078164
1110200
Not Exist!
264640
86624
448641
653922
830900
270720
1541875
929452
667350
690636
57672
Not Exist!
Not Exist!
180981
556950
363764
1458592
897800
847944
Not Exist!
731584
410800
1826356
448326
810750
1816684
920916
1936432
542240
365050
1298020
Not Exist!
Not Exist!
181732
917950
Not Exist!
1003020
468578
Not Exist!
395442
Not Exist!
897476
1565220
851944
Not Exist!
1120880
148257
383076
Not Exist!
146876
1281735
900916
Not Exist!
1825480
991532
823482
Not Exist!
1210184
718830
27600
55520
198784
373420
1224333
205036
979880
393712
1113320
1902789
Not Exist!
382910
580410
169792
Not Exist!
1416675
770716
675956
755802
232250
151436
1963904
Not Exist!
855168
539500
971450
989864
961668
1942075
164872
1068822
757452
1722260
Not Exist!
1084836
142568
Not Exist!
70542
64876
696224
21800
1499096
963630
781800
552700
669384
527650
1483299
330208
Not Exist!
594927
27414
632096
676040
797320
1022744
286548
1776820
496971
1275328
681064
1739648
317725
113408
1093860
1694868
686080
566834
Not Exist!
1847008
881850
1220320
1800704
510570
1568780
1470844
1014344
157435
1163264
1633232
610324
Not Exist!
419680
1514187
824474
1981172
983900
1090504
610920
1314176
22560
1304631
794084
484240
613674
514080
1942928
Not Exist!
655232
664888
386010
1249184
769456
145080
892144
510952
Not Exist!
793250
1463612
1806180
484240
370647
1231332
1744836
1054676
1328812
1567588
1420208
Not Exist!
963644
1987456
Not Exist!
Not Exist!
1208242
756680
478873
1656148
570198
571360
89850
Not Exist!
601470
58392
147776
1603160
498416
Not Exist!
1062520
2340
96399
1705452
873126
52290
895060
395226
544410
324450
1381132
878702
742212
29856
Not Exist!
297450
1876419
205781
1138650
263352
Not Exist!
252860
1107112
1069960
386450
572960
1990644
68912
Not Exist!
98484
798092
243452
1244404
Not Exist!
222620
198860
1193750
1596125
Not Exist!
621054
513540
250100
110880
193860
816075
725310
91377
Not Exist!
Not Exist!
576198
771908
440208
692608
Not Exist!
Not Exist!
1114768
941040
Not Exist!
1361096
670452
1819348
Not Exist!
572368
1819072
Not Exist!
Not Exist!
257547
229356
13260
1815028
1464232
299630
1264797
575240
486825
1891592
855392
1683148
177080
712624
146728
881250
56750
702414
813204
575312
Not Exist!
238688
213950
27270
826520
1091204
1310304
70760
256812
1867652
1552185
1091350
508905
1716849
1077480
143244
1299232
366880
481912
Not Exist!
563000
568600
966280
54940
798171
104232
1221760
232760
1885136
1157636
503172
521912
1761232
539910
Not Exist!
319000
75440
789696
773528
Not Exist!
Not Exist!
4068
Not Exist!
1805456
1443618
1157500
1771692
1058500
337446
232440
1383332
1272681
221532
477360
Not Exist!
1633325
799700
Not Exist!
792472
Not Exist!
1077968
1371280
1047220
1846004
1670125
494484
130688
801480
1076860
741696
558545
702027
321368
Not Exist!
1294736
640016
Not Exist!
1988156
Not Exist!
1412613
418596
Not Exist!
1499236
1146124
1583588
1349658
940900
97128
193816
1111632
716960
36925
1118868
1493512
204536
1492197
Not Exist!
219569
1856432
167742
1188036
589888
Not Exist!
1689944
662472
533920
349326
1099736
1954292
1228000
1049120
1342904
727208
Not Exist!
1207756
135150
1121600
913880
597540
Not Exist!
1786664
455080
957156
Not Exist!
515565
1865576
Not Exist!
488496
190620
1745576
748736
1033776
500100
1914368
1121806
1116176
1680892
1692608
957100
Not Exist!
728980
1264995
Not Exist!
964536
Not Exist!
561560
1549441
1538289
1078260
Not Exist!
1152666
209426
415744
396408
243860
307710
Not Exist!
665636
Not Exist!
1040940
910624
1073808
Not Exist!
1596596
765702
Not Exist!
1185068
803028
Not Exist!
587972
1539376
253052
982716
1767268
650725
67525
845712
497745
1384312
1696256
122418
773152
1869327
672532
445924
1181640
437382
1245644
57628
462560
216874
132050
966574
Not Exist!
690140
1353546
1856816
1967552
221296
767610
Not Exist!
172284
1345288
206682
Not Exist!
597582
512190
479432
644850
235996
Not Exist!
Not Exist!
588620
351412
894350
579670
Not Exist!
Not Exist!
1853721
727040
338216
1233500
1004616
Not Exist!
Not Exist!
1145936
380620
628866
226700
1209796
1157670
Not Exist!
Not Exist!
520984
Not Exist!
688764
445770
Not Exist!
448275
1969328
1130895
382720
1920108
Not Exist!
851598
1394378
1733986
849225
1669540
1294564
737528
Not Exist!
97680
1230648
1236220
Not Exist!
517230
976650
Not Exist!
438966
1153788
Not Exist!
896854
220218
1288496
378231
848688
1012894
500768
643860
648356
Not Exist!
1742787
720320
52056
126928
Not Exist!
640924
411744
803612
106110
1204275
32202
661728
984620
1647532
Not Exist!
1058248
653742
Not Exist!
1153812
1797508
Not Exist!
423472
30519
1085040
1299792
793120
1590580
1854464
1370452
Not Exist!
863180
325312
1444404
690944
257712
100854
799464
1118306
1743725
544496
Not Exist!
1426770
926680
274020
505809
1236472
4900
Not Exist!
1684064
95305
243536
346560
797632
Not Exist!
38466
Not Exist!
522500
Not Exist!
926326
311744
805266
Not Exist!
673464
286092
1290648
481356
993536
145836
1455316
1749465
1681756
Not Exist!
504144
1161808
1021648
482616
533812
Not Exist!
671392
Not Exist!
755556
Not Exist!
850446
20628
192224
96044
855808
Not Exist!
1067480
1547648
252144
Not Exist!
515716
426792
Not Exist!
1648040
539032
1652392
947632
401805
392067
778688
1929080
1424236
286900
1166900
411795
1499776
691720
1053788
748400
1442816
1627803
1155184
158356
130698
1168736
891054
1346444
642424
677781
195644
Not Exist!
372694
164072
1070442
303822
1132686
443996
Not Exist!
Not Exist!
891400
41572
1564592
589920
375252
52884
982888
1063412
1452402
Not Exist!
714428
307940
200372
1806388
935712
429100
1468528
Not Exist!
1760656
Not Exist!
1010432
741380
643076
518912
404292
886464
77760
1682340
194944
1822751
679100
1446880
782840
97889
609584
1700703
917284
819248
1226444
596452
588964
242650
1608712
1196440
251964
Not Exist!
509196
505244
320944
1894044
1556025
1134546
938748
79420
Not Exist!
15250
Not Exist!
Not Exist!
Not Exist!
64040
Not Exist!
1108566
799368
Not Exist!
1972792
972768
744320
1567760
1142160
22272
950972
86524
1391536
1791945
1220535
802926
Not Exist!
516560
663664
1156664
610372
1197360
851228
927700
1541444
201504
275600
653170
Not Exist!
1321356
1316840
57640
830912
1805964
71004
574660
1445740
Not Exist!
1238628
423200
1988548
1098650
1396220
536225
1558808
813762
408264
853072
Not Exist!
1543646
880832
1478816
1990644
930348
146812
674775
1290513
93740
145792
1873540
1084280
1207556
359284
972748
915568
136986
1189160
623484
798591
1159256
1039856
545620
Not Exist!
Not Exist!
714028
Not Exist!
1485660
Not Exist!
299350
1197019
738920
1191472
Not Exist!
1179580
1440556
Not Exist!
1428208
547110
191308
Not Exist!
168280
1654641
509456
1718956
751750
Not Exist!
792540
160106
Not Exist!
403830
765090
914340
97352
60812
974000
127132
1049090
834100
Not Exist!
1946660
1417996
1489204
401325
38266
1617328
1256625
675200
179572
1041336
923344
395900
797520
319544
926652
1536332
862320
218430
Not Exist!
Not Exist!
1105668
879820
1724536
1344908
107664
320196
1448624
595848
760590
Not Exist!
506799
546540
109000
1181479
210464
1760020
758340
1131237
Not Exist!
651392
371450
766638
342580
849012
615870
696172
569692
869400
Not Exist!
585620
386750
1188460
1115632
130608
284816
168936
139840
420910
465752
1464784
1471640
1803875
1338616
758160
587286
92812
1368756
1294280
1168659
321550
61940
1077092
51164
Not Exist!
Not Exist!
800792
668216
Not Exist!
483212
Not Exist!
1921792
260110
417774
754736
110128
857014
Not Exist!
1651740
1710088
550550
748034
525861
1097080
281224
1357932
1742920
389240
1587248
Not Exist!
149012
27756
743668
1211604
Not Exist!
906875
963860
1155340
1494880
29575
1463548
Not Exist!
966880
1326644
1161855
432525
Not Exist!
494384
Not Exist!
964844
Not Exist!
1265176
1267232
1434260
1174592
583895
1376192
918729
Not Exist!
1293648
632984
625815
749008
1849956
1953740
204984
1194864
1740344
1645772
490720
670500
222350
1797980
431970
1397756
210330
305270
432716
1227500
21208
1143008
Not Exist!
382736
661072
1309842
197988
1746196
Not Exist!
425280
400338
1849460
Not Exist!
Not Exist!
1733392
1437620
322218
834256
937395
Not Exist!
765450
786120
Not Exist!
404128
1218688
900100
734150
1954312
391590
1867616
922780
1741796
363028
998432
1787516
18634
46688
674232
1206500
716670
1664408
846800
36520
166772
1086992
1690040
277276
854235
448876
1753960
1722180
1127756
397012
550012
75220
173550
35090
713556
1114375
1285724
73242
1272412
Not Exist!
Not Exist!
39728
1511052
171250
347544
468999
755292
1343144
944150
1086085
1062952
398752
1619989
593248
1732288
298192
153160
945050
964796
712472
1988888
763893
422388
1083915
Not Exist!
940310
1730096
1385368
113850
1159968
1898536
1155800
318020
1309916
634520
1367262
284472
1057144
244494
1500612
Not Exist!
177570
1684648
496629
731170
1147590
82272
252320
Not Exist!
1207684
783594
1782688
1621140
1860440
914450
359865
1538740
657888
691350
Not Exist!
724300
699660
206750
512070
789586
1753788
617736
1633024
1887848
10350
1697860
1576544
598968
1116820
Not Exist!
Not Exist!
748510
616635
940284
719226
291372
415640
1358648
224544
946250
365000
Not Exist!
788319
479936
29610
Not Exist!
Not Exist!
496208
275772
1165109
1000494
83968
1542681
Not Exist!
256740
1060083
554084
1811907
Not Exist!
1187788
1308652
1296084
869675
1063900
Not Exist!
736614
1827175
307300
1542728
412974
646760
Not Exist!
704072
1154940
1836508
284108
508204
1873684
165408
1138120
405460
Not Exist!
640206
1863724
1644064
1045080
781250
1372316
1460512
677183
622160
1318328
278840
Not Exist!
171000
921690
673388
695520
1224775
1695764
1952364
405918
779016
761856
Not Exist!
1343214
218940
1633308
345750
777620
Not Exist!
1861420
Not Exist!
359372
93688
1506296
1246404
824168
602600
Not Exist!
Not Exist!
1526936
1476028
73196
103360
770625
1328194
716202
246321
16772
18852
1086400
687152
174746
Not Exist!
31544
1164292
443125
1134207
52760
1806596
Not Exist!
507280
184616
902258
377792
1089553
1730248
714860
1595377
275550
1778620
980575
446600
331110
48420
1875796
668224
213400
Not Exist!
680128
437700
308932
399836
304784
1717484
628400
947600
1090736
286180
413488
Not Exist!
52514
1579740
5028
766898
1361912
798912
382848
202204
829818
621150
Not Exist!
49860
Not Exist!
459700
1279485
976698
Not Exist!
Not Exist!
1126134
1182950
20394
1079475
911996
Not Exist!
475006
549780
1610055
Not Exist!
1726408
265644
219816
896368
1798475
325850
199800
1234744
Not Exist!
655047
346012
146068
566460
1273560
42388
904000
5056
44450
830348
1066176
1221448
1963028
739470
Not Exist!
646900
1082816
Not Exist!
686544
344680
439150
1364840
Not Exist!
1841661
638950
753012
Not Exist!
89442
1445022
822000
843838
69044
415992
1573192
1690040
Not Exist!
417068
1363976
381950
751380
1147712
Not Exist!
Not Exist!
249175
1107412
1133940
552368
430284
1267264
123736
Not Exist!
370624
465156
649780
1862116
491820
945356
316244
Not Exist!
Not Exist!
1189520
689080
Not Exist!
230480
978060
1094922
1697075
621405
714496
314796
1725844
229224
Not Exist!
863825
1411936
496912
339916
63250
1792124
557152
464944
796650
1282660
583600
993948
1464996
Not Exist!
65844
1125936
1165220
998980
840800
720006
Not Exist!
419552
599712
1734976
1112104
1803175
445232
692064
Not Exist!
1188090
343350
1184450
1214125
Not Exist!
947080
1967212
1013240
1609856
1650040
735930
1664980
375340
615175
557326
614460
Not Exist!
14616
960652
1290294
Not Exist!
1149250
Not Exist!
1362508
352782
35163
328160
294318
834048
655816
69780
1756372
588750
1572972
1645460
1466257
201568
1021450
89154
1336401
602384
1914292
Not Exist!
938692
1334324
1277164
1967420
339256
382900
Not Exist!
Not Exist!
624100
1220624
723080
1006688
403252
118400
170092
1859216
1048360
Not Exist!
938900
709838
166104
962024
303012
549000
844475
Not Exist!
1775675
344420
25072
974468
479344
Not Exist!
440760
507350
67167
1155560
1044776
1391076
813560
408304
321892
1106540
580800
Not Exist!
1904275
721112
1632653
727575
525224
1904780
1344285
821800
839236
605860
210950
347468
1899256
741632
554356
Not Exist!
973900
786728
1780280
1626532
257490
661412
254866
456632
106011
694530
401056
Not Exist!
193260
1511648
486352
1419091
757600
1153960
938700
387688
355680
650984
32176
Not Exist!
130740
1867720
46250
Not Exist!
922480
1030225
963832
1038798
158020
262280
253416
Not Exist!
1897552
Not Exist!
300064
1721752
261414
779992
1137772
1333875
1257776
1135760
Not Exist!
30320
84250
Not Exist!
1527244
1949336
Not Exist!
Not Exist!
549232
705850
1927312
711518
31468
792304
592762
115768
Not Exist!
331680
65032
1998020
781983
Not Exist!
1691575
363976
1050760
1267412
826500
600256
588627
1927076
1027440
588650
1052620
Not Exist!
319516
860368
367600
1616525
1233248
631100
894024
Not Exist!
889832
106352
1619240
1081456
Not Exist!
781812
1437764
931095
412928
1735476
1374896
795184
1272636
Not Exist!
598904
1000448
1175900
679892
406548
1321605
987534
455450
655860
555390
1973652
1109403
137408
Not Exist!
14344
797868
51032
1007560
807918
793341
372890
1940696
1639305
421287
325012
1622684
394848
1516833
1889792
Not Exist!
336200
1346492
1058130
1081712
1230380
1733944
902040
1113050
1125084
Not Exist!
Not Exist!
187460
1380632
740800
246806
435456
Not Exist!
460700
582120
1098264
1945108
909024
1747732
90628
602360
992384
635609
15796
31524
Not Exist!
460710
1614464
61380
162922
Not Exist!
67626
1475937
580072
1236464
960282
Not Exist!
Not Exist!
1970956
Not Exist!
632080
470020
1861175
1374180
1281584
110052
Not Exist!
230996
352984
633816
1106220
1979180
Not Exist!
1042064
821908
1651556
Not Exist!
1053380
1917572
Not Exist!
Not Exist!
98040
1018628
587664
Not Exist!
364760
Not Exist!
856312
Not Exist!
575660
514650
903052
Not Exist!
1869460
1920136
958140
188498
436928
704468
495240
216540
626160
758745
1056588
Not Exist!
537160
Not Exist!
1735648
717344
410720
835954
Not Exist!
Not Exist!
355300
872192
623624
1402924
1153705
1912492
1194576
558950
1579528
115416
931320
531756
249712
Not Exist!
1004688
283340
177252
240492
100917
919520
31265
455469
1078400
940288
891960
Not Exist!
Not Exist!
1486355
438760
467235
Not Exist!
852336
1941644
398952
732760
1657164
55296
999860
27640
1031832
1081788
Not Exist!
847890
686944
267000
1235672
814808
1863328
739784
Not Exist!
864900
1720540
Not Exist!
939681
Not Exist!
813340
Not Exist!
640092
1426112
821328
Not Exist!
1870055
218583
1479512
Not Exist!
1997127
120472
Not Exist!
1326176
993870
834822
1989060
665652
127736
726064
545032
Not Exist!
625534
1018318
503010
229986
Not Exist!
798400
1297532
446900
851028
600296
588588
220185
340440
Not Exist!
647780
1716208
Not Exist!
1277675
734292
1212152
461096
Not Exist!
1159641
1561836
Not Exist!
Not Exist!
725288
369050
392518
483440
434620
292160
440176
220900
1168808
505852
1046280
155632
569840
Not Exist!
1571823
160450
1012392
1217040
Not Exist!
1801664
689172
1695080
1155510
1174180
1494924
Not Exist!
Not Exist!
302292
78840
Not Exist!
769250
958904
882036
599500
239800
843712
225624
215404
182405
1254188
Not Exist!
1660185
559792
260332
1039060
308100
547825
998730
1039822
1515260
1885635
727054
513486
1262440
1092900
1607375
833454
190132
1318768
1406583
1562504
1600148
1256140
603320
755616
653526
1581124
Not Exist!
991595
606344
Not Exist!
323969
332720
Not Exist!
58172
1556476
1908140
137184
621692
Not Exist!
493398
1945268
1280240
364040
1679525
738600
1468988
1249076
Not Exist!
494080
1960384
917944
390960
285384
1658259
1504288
222760
1249856
245988
1012992
902600
1045800
305272
398000
1127225
610520
301968
1986489
1510028
Not Exist!
1097010
1485875
659356
131844
115300
1870072
437524
1633912
1158633
1741364
Not Exist!
557268
150430
698076
234000
1478070
1105821
1694943
608720
1077160
511220
Not Exist!
236192
Not Exist!
760784
156250
Not Exist!
Not Exist!
1453995
Not Exist!
1046440
433408
1113150
199350
350368
1103350
746804
107200
854200
1743452
904568
34132
1857736
1149700
1749248
124328
1814215
Not Exist!
Not Exist!
1716760
Not Exist!
1317645
557836
1137056
832520
536272
36712
955680
976376
1095850
1152104
1828696
883644
1477908
111510
366332
1772572
482052
395800
1760804
1207928
1415646
1178804
Not Exist!
971960
849684
223536
139258
1837004
1431684
155212
1300338
1749544
1859140
1175676
645660
Not Exist!
1065050
30156
1097500
Not Exist!
1082700
184188
90488
896080
986125
Not Exist!
1093400
1502825
779328
Not Exist!
740050
1147875
364720
Not Exist!
499860
1020020
Not Exist!
Not Exist!
1575736
1820360
688480
437232
Not Exist!
Not Exist!
774480
1480292
1032108
405920
604044
1969780
Not Exist!
1562124
Not Exist!
788932
Not Exist!
46530
1331875
400750
619968
414768
267124
1047350
580800
1658575
537232
1475080
447040
1700425
872776
Not Exist!
756549
533900
Not Exist!
533025
1125376
592972
Not Exist!
Not Exist!
1196206
Not Exist!
865456
Not Exist!
505204
951448
1779404
1928336
1471509
453724
931140
456876
594648
1483712
1338140
35090
1136008
46180
Not Exist!
1011628
1355264
935550
817475
Not Exist!
1318496
1761620
1112634
1189250
8952
435071
937400
216054
Not Exist!
238304
Not Exist!
1148048
294318
210128
775188
39852
499680
204020
1467425
126184
1251803
610880
1380296
739192
Not Exist!
323072
259587
776691
53055
12400
671180
1122417
234625
914628
1573375
384020
1704608
Not Exist!
523750
Not Exist!
970108
216112
106600
817316
684220
Not Exist!
191160
673946
852864
396196
543060
1474476
757737
Not Exist!
59528
549896
Not Exist!
1088412
Not Exist!
1498940
965790
475160
1586336
1792940
549588
Not Exist!
585204
Not Exist!
62525
901568
1058208
644007
673946
1402188
523348
1633616
Not Exist!
1569340
Not Exist!
245544
931676
Not Exist!
132398
350344
574760
1352464
333660
Not Exist!
890000
1332764
Not Exist!
849250
462476
1095940
1778644
737235
1118900
430020
448000
Not Exist!
31168
1154000
563364
Not Exist!
167536
65880
320460
1777460
600112
728512
231940
1857224
1132288
1186470
512896
946475
189360
719224
1599392
261270
1930912
951633
Not Exist!
Not Exist!
967914
1219600
889248
194488
1447588
1881136
527548
Not Exist!
1117521
1697956
155724
Not Exist!
530748
806612
1552580
389560
1291432
857116
772450
1044276
1301084
Not Exist!
1549054
435465
947200
996576
1627424
1146500
1206896
996500
107776
676552
351142
1402864
1692832
1079000
1075640
1701088
Not Exist!
467140
252350
1606292
1099340
Not Exist!
843860
Not Exist!
552240
19044
1705253
839340
445956
885520
Not Exist!
1185400
1914208
176900
Not Exist!
803511
317304
1862408
1008660
Not Exist!
127595
551002
1838096
1282358
Not Exist!
972160
158650
656424
408012
1409888
27272
411884
593208
1321442
1947575
1824188
514755
1301316
794080
641550
70550
1964432
911080
1217466
127302
533844
108352
1530084
43984
776364
774632
Not Exist!
1620296
507892
1766060
Not Exist!
1021624
Not Exist!
325809
623660
1085500
Not Exist!
175564
1841031
Not Exist!
757444
1927513
37620
255425
Not Exist!
686133
Not Exist!
1888144
261060
21068
200940
1340082
435087
608248
1447110
Not Exist!
1064988
445272
377975
1340816
1066050
152524
1784796
Not Exist!
1008492
112450
927717
1013424
520900
926192
Not Exist!
Not Exist!
1869640
362365
1118080
628948
51100
Not Exist!
Not Exist!
1698021
1819088
1995232
784322
310000
1026792
1627228
Not Exist!
1497002
Not Exist!
514267
Not Exist!
778180
583176
1567184
583700
38900
854560
Not Exist!
290727
1044144
497100
87138
1249888
1852625
924932
570870
292230
597772
276944
409160
1393658
Not Exist!
Not Exist!
87680
544250
558652
1582256
765760
930699
822464
Not Exist!
214224
628938
1822028
1290388
923800
884320
61110
1146064
612402
661836
462480
1138059
1480044
67664
Not Exist!
Not Exist!
1314932
Not Exist!
764894
289212
886760
862708
1069180
1431944
256400
Not Exist!
1994157
544880
1670968
355260
1916524
615875
1065195
969200
874028
1736288
633220
Not Exist!
264080
108616
94600
143360
838145
Not Exist!
766650
1085100
Not Exist!
1195796
1235116
766262
1243156
661488
631710
418075
873750
135916
833050
350344
Not Exist!
773150
137200
1414840
152575
675906
955567
1181492
412976
1816660
172740
Not Exist!
1544464
20860
332772
Not Exist!
587292
Not Exist!
71730
653076
581450
222642
1139624
313204
538944
219200
Not Exist!
68276
212836
712336
7225
1528425
736168
1003266
662352
1013058
575595
874728
1490004
616640
Not Exist!
1925540
274550
772336
1096164
154844
965248
1219872
Not Exist!
199708
Not Exist!
1328224
672988
1215050
62420
518620
424616
1102940
480320
1712920
1026315
611850
880500
1071650
1028396
Not Exist!
Not Exist!
571720
Not Exist!
Not Exist!
Not Exist!
224154
1080200
1197856
157140
288196
890595
1714221
1552005
644814
1548584
1682536
680680
658206
1085432
973524
1211095
561050
518724
1898224
648796
Not Exist!
Not Exist!
1858316
1548236
1390336
32260
515040
855744
1109576
526184
1065800
505080
1082496
1506980
Not Exist!
Not Exist!
453050
794646
724920
Not Exist!
283416
522018
Not Exist!
744664
873472
793016
1569177
488240
Not Exist!
1830308
1095224
480724
1377444
821760
Not Exist!
193172
1534364
454672
1460648
230368
1529824
249424
785290
1745464
Not Exist!
183360
45774
257796
40500
245061
Not Exist!
694688
268500
656028
117334
1963796
103334
60996
1047474
941212
1463308
1156986
27432
242298
623086
387982
Not Exist!
Not Exist!
4150
1243360
959908
1675244
1400518
Not Exist!
1186925
1022238
494448
596640
429920
1992496
387638
806292
Not Exist!
439028
808840
190180
1025988
1170630
623876
Not Exist!
904224
99940
750544
1206733
166740
811850
49360
953450
298096
Not Exist!
175700
Not Exist!
1641032
Not Exist!
743624
1110936
1834060
1601584
620032
1406696
832260
1571388
Not Exist!
790992
966036
Not Exist!
1517888
1664140
1014925
212341
866350
1192004
122576
1081674
744272
1486156
Not Exist!
91188
97526
859455
325840
52938
Not Exist!
276228
Not Exist!
Not Exist!
995724
1890076
883524
981720
Not Exist!
1204918
770076
Not Exist!
1699713
366084
1686872
1025334
46360
1616372
922590
265300
318348
1416510
Not Exist!
Not Exist!
645828
Not Exist!
1271320
Not Exist!
688490
343550
992150
Not Exist!
1361296
536560
82240
1806760
656154
1034145
908944
4800
136824
387045
1143250
1810856
1413040
964460
1020908
1193732
1278544
1097324
Not Exist!
494615
824228
974624
1310792
1795088
1574824
Not Exist!
1723580
406100
Not Exist!
911116
Not Exist!
1252784
Not Exist!
1063300
Not Exist!
205160
747268
59296
1205300
Not Exist!
356456
169272
624582
388092
491184
914200
716139
658896
1545560
170592
486160
300834
Not Exist!
935050
1285876
183186
Not Exist!
7948
969381
1081120
864928
1036736
156996
Not Exist!
360990
1043226
598446
711152
633962
749349
Not Exist!
1635808
1669328
255310
Not Exist!
145840
938754
1214089
Not Exist!
869949
1214228
280588
1177184
543632
292420
287376
1434128
918846
Not Exist!
444700
459075
1245416
424044
695050
1576120
888776
830104
1241356
175740
1954760
1427204
Not Exist!
31850
456360
28926
1377738
303336
Not Exist!
854055
610812
1415244
45240
1038636
1559940
910602
420164
1072120
960144
815792
1209758
1217895
Not Exist!
925470
1045604
669096
1687156
1978664
995008
925712
932800
1804455
957420
1256004
1000400
696240
Not Exist!
316700
469832
Not Exist!
856968
1500472
Not Exist!
Not Exist!
486396
Not Exist!
1671968
201032
Not Exist!
Not Exist!
760168
1660312
1993851
489771
1998152
Not Exist!
734796
1188636
1759832
657192
1785968
874050
1384642
1259392
Not Exist!
1276264
460280
1340092
1985960
827224
790784
806675
78296
324950
725436
751743
769662
435483
917802
1437996
1986273
954804
1340872
1967468
1060788
887556
219100
1060052
913257
337916
1157355
Not Exist!
76352
184750
897328
255156
Not Exist!
1034066
Not Exist!
751121
928326
70906
1263440
52352
277750
830924
1378760
Not Exist!
Not Exist!
1173339
1605156
1852012
42368
Not Exist!
1197368
1315704
1740664
128284
Not Exist!
1289648
831225
455588
267408
Not Exist!
374775
Not Exist!
108352
952928
684780
988688
284320
Not Exist!
1402356
Not Exist!
1022800
1149875
Not Exist!
1257830
618678
743008
509125
1569664
723550
867264
1655452
Not Exist!
23120
1211670
849440
97540
479450
1183023
1712776
691656
131316
222348
954072
330348
1055550
1077468
273750
1455012
1851376
264870
235608
545772
895024
989060
1879648
752604
764792
Not Exist!
783500
45020
732848
671164
31944
1896076
957175
779540
561620
324000
1559943
79572
2752
Not Exist!
517256
306668
707288
1327495
Not Exist!
201294
1475140
Not Exist!
2064
1657480
1761881
272129
Not Exist!
456102
939580
157544
61560
360250
Not Exist!
284550
Not Exist!
1797868
353565
187082
1179176
227964
642252
327768
Not Exist!
934120
720050
280480
1858420
Not Exist!
300980
7664
758096
508455
Not Exist!
1157264
705452
1133640
1790348
377412
99594
125360
202554
251430
Not Exist!
507200
Not Exist!
142056
507836
1098608
Not Exist!
Not Exist!
762576
Not Exist!
1120293
1264668
41600
Not Exist!
773127
Not Exist!
878877
Not Exist!
525330
1569728
299112
1048360
1255648
Not Exist!
673150
722360
1045601
251512
763155
821768
692096
Not Exist!
169338
299440
688900
Not Exist!
1532032
1636306
801832
Not Exist!
1022750
223400
375830
1854544
1313444
Not Exist!
1106432
164300
1561492
1659268
Not Exist!
1671016
Not Exist!
468500
Not Exist!
399978
872400
336450
1472120
633088
548720
761336
120409
327256
Not Exist!
708818
471872
749908
129430
1099760
771050
1116572
653596
Not Exist!
Not Exist!
754444
285700
Not Exist!
701372
1113824
1997523
970713
83392
1207424
989622
1287856
735650
78462
951992
1736675
1258272
252160
544768
383500
91008
1127600
200844
1266064
1540168
574992
391350
1380340
280308
1076720
220950
290776
406760
704875
1542036
1554424
1248208
1000300
1182752
214860
1576468
1834688
35696
Not Exist!
1886788
920754
1517844
532460
496768
876603
1033398
1853504
Not Exist!
1230724
305696
1216425
Not Exist!
815128
834896
505336
1665996
321320
661112
932704
137656
1290645
1910773
992628
1867456
976460
Not Exist!
1611284
319160
300900
537480
27489
1443380
716870
651744
509528
1316992
995668
805776
665912
1003580
Not Exist!
281264
577896
Not Exist!
608907
Not Exist!
782236
1314135
1164376
581312
137884
193250
708924
1075720
379550
1017360
854384
207916
1369179
Not Exist!
187840
148400
1153784
409576
269082
1062414
1623352
1049012
511000
170080
1906144
931700
Not Exist!
637904
Not Exist!
1051920
118112
1620276
204624
950636
Not Exist!
Not Exist!
336704
84050
975447
1726304
Not Exist!
Not Exist!
230150
218640
214000
14260
1891772
Not Exist!
881864
406700
764155
1043412
742088
959468
974116
324640
1786167
1705308
954774
358700
171882
Not Exist!
724892
745361
626532
441304
119408
22150
1072728
268028
519296
776550
164970
1920776
1210436
115182
1316232
1053280
1277908
1756593
1088768
Not Exist!
375048
439150
1904702
227044
731624
546850
1422820
1091160
298976
Not Exist!
101512
Not Exist!
Not Exist!
737048
843608
1876316
1240784
951462
Not Exist!
1803156
289800
756738
467900
24950
583290
867946
1883824
873846
546813
307732
1187640
185148
169029
1081750
494408
205942
1707572
514236
180968
934848
12150
234396
998130
1065438
177196
53640
624652
Not Exist!
455692
402668
945136
1053052
213570
620960
1014288
Not Exist!
813812
991528
483500
685304
131560
497940
Not Exist!
510540
1304440
1872928
1024832
1276404
1096336
645936
683046
Not Exist!
127200
1282545
783860
218136
182656
1190196
151416
Not Exist!
800144
741150
918596
379500
133120
797904
220892
Not Exist!
205569
1122040
13554
316638
1002699
Not Exist!
926128
1204272
1145492
1318276
62240
Not Exist!
1546744
443340
1039450
76700
219608
908896
1318188
580788
428546
Not Exist!
11036
583340
861309
Not Exist!
810475
622908
1026040
1377275
564840
860
Not Exist!
1800945
141700
Not Exist!
585860
1095504
655596
1390203
453328
689120
973494
Not Exist!
1456624
Not Exist!
Not Exist!
Not Exist!
Not Exist!
1615496
166016
328960
Not Exist!
952155
970228
747136
860980
Not Exist!
958180
Not Exist!
616482
8050
1792760
490876
Not Exist!
1803904
Not Exist!
Not Exist!
716320
1538004
12438
803075
731796
1095064
480536
890910
1656428
Not Exist!
1115150
936100
211869
892250
6228
1287230
307250
936032
1043448
1048280
279300
Not Exist!
56850
1018232
Not Exist!
317400
891450
447648
Not Exist!
324320
961850
1441480
1328328
620246
831366
Not Exist!
1827711
Not Exist!
1115062
926450
411649
1770064
115976
1187232
503300
737584
556632
171468
219928
1683140
552792
1092014
919404
1805936
1930484
457146
1042980
926737
805266
577728
227316
162940
121500
Not Exist!
1207456
1115640
196604
1280132
440860
1146411
736850
724590
1173650
1281360
216544
885840
626696
1057714
403312
656040
111772
875072
1030204
299580
1388508
1379752
302913
1185276
1041472
753183
1421966
745075
Not Exist!
1122920
Not Exist!
1187152
319916
1577764
Not Exist!
305478
1784460
748212
1510816
91864
363605
1062975
163712
1743704
317312
600885
1060024
1013108
331376
Not Exist!
251880
739512
144760
107334
1096772
603700
717940
1675472
1073492
867000
758248
Not Exist!
1512256
616878
Not Exist!
300303
524792
666380
304500
1135900
1527134
230792
253967
1183480
430000
1395128
Not Exist!
1005950
305380
879942
478420
826125
1318944
773120
1240660
1582816
698300
891044
1123540
1867980
1023736
1275544
183220
586950
1559272
400525
33160
Not Exist!
Not Exist!
1076840
Not Exist!
808360
58320
226188
262892
935600
139768
667392
1101400
567475
1168072
318340
Not Exist!
494600
1951108
580500
267300
698160
495940
406780
Not Exist!
605780
60680
1233292
1168476
1779939
1762964
237156
1925125
904872
487872
Not Exist!
968600
229212
224910
Not Exist!
Not Exist!
595000
1788368
942112
219500
1167866
516180
10976
1986644
Not Exist!
1474468
1102140
701750
261709
551500
Not Exist!
159003
961120
Not Exist!
Not Exist!
1077924
792020
Not Exist!
229408
100588
571284
150645
Not Exist!
570888
620964
878232
267852
1476980
Not Exist!
Not Exist!
439520
642960
222696
1184556
1168188
1412658
1223163
1015648
Not Exist!
1403680
1221400
360144
1538728
930128
Not Exist!
492012
770488
637664
Not Exist!
279212
522666
945284
544145
Not Exist!
975672
342684
1264125
1127007
Not Exist!
556960
157550
Not Exist!
683388
1142808
449650
145112
430120
Not Exist!
1371872
291834
1902220
Not Exist!
788500
1481704
1010072
Not Exist!
331668
1203624
1503440
885292
1863032
564788
532144
54963
Not Exist!
307660
1268308
1465551
479385
114520
Not Exist!
1656424
43400
1184068
1210806
1466334
1171522
Not Exist!
Not Exist!
792540
1374268
771150
Not Exist!
628372
1520680
1521388
884425
497320
819140
1592272
462984
1374058
1043956
1361216
1347876
298696
Not Exist!
1443012
Not Exist!
1961488
872124
Not Exist!
355050
1033732
804212
1374304
1157848
5618
819288
397890
960672
Not Exist!
310724
85720
1844272
604828
1980333
347416
1680128
285064
725356
1779597
20736
54928
377200
405950
Not Exist!
1961252
1258140
1295080
Not Exist!
1447326
Not Exist!
483584
Not Exist!
810630
984438
1560088
1838404
164750
Not Exist!
1371536
852648
1463824
207540
419436
251226
Not Exist!
1053088
197180
706792
1867516
867624
Not Exist!
965889
67150
1620892
239512
58652
1448955
836982
321920
600404
316360
1025075
Not Exist!
814688
577514
1161620
530474
330400
Not Exist!
586576
969396
1164948
563888
1212050
516950
346744
1046800
1736564
Not Exist!
92836
514620
1145892
85848
240248
1966675
478280
1643761
Not Exist!
Not Exist!
1455028
383900
1905021
447642
Not Exist!
117670
Not Exist!
1969767
Not Exist!
Not Exist!
943936
933828
1268145
1455448
Not Exist!
62528
778656
407040
405328
451280
1090632
518300
1704760
1113928
105600
538080
24822
Not Exist!
198272
Not Exist!
1369668
1456371
1177408
1296056
876524
219850
350276
1424076
44520
1491656
1766125
494622
1021288
991194
1323904
651592
579480
208224
1880336
234440
1578020
804256
295856
1609947
1392388
44149
1872012
921844
1075968
788544
Not Exist!
504650
Not Exist!
613118
Not Exist!
40960
1475924
217836
Not Exist!
1909244
642084
1308790
821236
1000168
219148
742068
1979956
1984075
628820
675188
190108
590140
867052
1657775
595360
280619
Not Exist!
1030302
315304
30484
Not Exist!
886880
698490
1269306
1558888
320400
31554
465948
1611968
1409244
1277148
812312
676100
480370
Not Exist!
158368
469192
494725
164368
113344
1878860
286276
439240
510680
76040
1238000
1282984
1493343
134532
1525352
870968
1507025
1102455
126665
376972
365250
836812
1080603
872884
880728
1070650
156060
959850
181476
460252
1359208
294335
842048
1945364
1178055
535000
514025
382025
Not Exist!
Not Exist!
1079240
54068
1564316
Not Exist!
341811
1306101
747472
1313480
346140
886792
Not Exist!
439616
Not Exist!
Not Exist!
532350
554640
1078700
579760
1393574
306934
Not Exist!
Not Exist!
25552
300240
Not Exist!
253125
533916
383148
818584
177620
953748
710872
1110546
520580
Not Exist!
869120
Not Exist!
Not Exist!
Not Exist!
21250
341010
Not Exist!
204388
916140
405120
1588864
134820
400472
1888796
Not Exist!
568440
1376748
1242814
1402308
310640
Not Exist!
266064
1128032
468780
1262826
1045700
716452
Not Exist!
313360
Not Exist!
1213436
1246688
Not Exist!
1818832
114960
1571264
1293640
Not Exist!
1112336
Not Exist!
141714
1033408
398216
1071148
Not Exist!
532396
Not Exist!
1374780
1962372
1138904
1974220
603368
542272
Not Exist!
836244
1515856
771950
1900804
885762
599296
473916
262150
376650
Not Exist!
136580
690444
Not Exist!
609220
332622
443430
Not Exist!
1202648
941319
132512
657650
97825
405178
Not Exist!
106843
1474672
987348
Not Exist!
650349
758988
89383
1030476
Not Exist!
972640
1602172
717561
Not Exist!
Not Exist!
Not Exist!
551331
495584
1175157
96968
1169520
145976
544860
Not Exist!
Not Exist!
Not Exist!
670480
Not Exist!
870050
1225400
550962
1551084
1155518
926120
1893588
190748
1138600
1057356
888736
1071508
622388
391869
190976
1128850
1161704
1846256
1397508
1037061
176670
1905380
Not Exist!
278370
53000
659450
390588
1429996
974556
727160
35532
1938352
Not Exist!
199588
1809308
1337704
588105
Not Exist!
Not Exist!
1845513
734470
471450
251316
Not Exist!
873990
356080
Not Exist!
216624
362988
Not Exist!
1582372
880928
493150
Not Exist!
850200
841628
1719621
1422375
413946
247646
630539
1232850
600104
Not Exist!
253624
388228
674120
1842584
Not Exist!
1732280
364272
409856
479682
706916
Not Exist!
408532
806164
23872
Not Exist!
396350
289100
1671968
802850
180776
1369784
1228420
637880
Not Exist!
539908
821080
19980
364624
118485
440032
671800
3768
600568
204380
619575
Not Exist!
1049856
Not Exist!
647288
607232
864752
1905304
613592
879724
1503608
508064
1450068
202124
1621856
Not Exist!
500526
Not Exist!
993280
1612280
Not Exist!
1130864
933822
3220
204102
1199422
826497
571425
1414236
226962
Not Exist!
1036816
1449388
346460
55050
Not Exist!
1083284
1240550
83708
Not Exist!
Not Exist!
1685076
Not Exist!
Not Exist!
230850
98658
1053412
Not Exist!
1141525
1717322
1204420
1762713
335196
939292
311580
210320
1956844
1023460
76392
827650
640090
1418028
921960
Not Exist!
516904
996660
562040
124300
753057
442116
87616
255510
Not Exist!
168600
208884
1327832
724592
1475380
Not Exist!
Not Exist!
1959272
845892
Not Exist!
848425
818748
602001
1032540
1293526
1232580
Not Exist!
909540
1040676
637470
75208
1165491
468639
653150
697932
579764
Not Exist!
806850
1228340
644967
64043
1697860
1232960
1124908
130048
Not Exist!
680960
984068
104850
1100832
1529525
1839232
1716777
260716
1716464
Not Exist!
456650
1161175
1000140
574480
665472
158994
451250
1736988
Not Exist!
739225
943268
1801712
800528
917685
1216528
1245320
1986112
1496092
1505012
971250
941760
383360
263864
Not Exist!
537165
1075520
275276
Not Exist!
Not Exist!
651602
695660
1414880
926640
690910
Not Exist!
22536
172168
1046096
782736
1678797
1880176
1779860
753608
1015859
812120
Not Exist!
880184
487480
477472
383772
81500
Not Exist!
Not Exist!
552016
1104804
699396
1332640
1217244
134865
788784
Not Exist!
1544612
1473856
672448
1506935
951444
820900
1030236
862688
660618
Not Exist!
119356
1568752
3788
208925
80244
1693665
231473
474304
869844
1403072
354975
1558112
1455831
786396
727128
1485452
1293560
1184420
232920
489200
861700
1061328
973296
629840
821800
1455316
745284
292308
517508
628448
1316042
906664
168160
1082952
1491060
1391524
924896
1144480
Not Exist!
1784468
1573540
459914
373760
1827160
1078038
1107904
1762820
1330956
Not Exist!
986493
574650
877392
814744
279252
283200
Not Exist!
Not Exist!
165865
918988
73424
1742464
741303
321200
298908
1803915
375000
600651
1117228
413650
1459863
120125
1318784
109233
217156
1027944
Not Exist!
Not Exist!
1391340
625636
459040
1287756
1152691
1904360
808110
1401224
1758544
347270
872586
1026808
445316
705686
845000
Not Exist!
706350
Not Exist!
520276
402580
1247984
46024
806316
386196
Not Exist!
839626
302183
1052975
641280
948330
1267520
335634
1872136
1948856
81760
Not Exist!
Not Exist!
197132
Not Exist!
1546840
1979576
746112
131040
1015000
205480
Not Exist!
549060
829920
26800
831820
124270
1461244
Not Exist!
11208
1768185
1193310
Not Exist!
Not Exist!
1258688
822000
634880
1619628
401816
698640
371504
1027750
906066
809604
1457948
Not Exist!
558100
718641
1653532
477136
957892
1307574
112650
1539241
900475
830530
87304
891225
586220
945825
267000
1749476
540160
825550
545920
6156
751388
Not Exist!
1202000
48260
1210624
1051668
333472
Not Exist!
830052
344619
588800
629695
729436
318400
1926268
1619056
Not Exist!
18592
507692
1468287
1606472
1241932
476892
1089252
Not Exist!
1119320
1257664
Not Exist!
753836
Not Exist!
Not Exist!
Not Exist!
740656
23612
1052048
550233
Not Exist!
1131920
1281340
1078304
52516
44716
79704
1861548
900600
Not Exist!
281152
787540
1675849
1269704
Not Exist!
692444
635720
863664
1036080
806536
Not Exist!
559250
701076
776784
Not Exist!
110754
1008064
1266425
1918364
214416
147735
1102850
319338
812112
330452
1023464
705920
395952
254752
784384
1050976
156510
270700
1552144
1607864
280450
425325
71284
154710
107595
Not Exist!
585236
926244
1143808
819468
1890244
1261368
1977875
16240
606260
397822
1623712
Not Exist!
876404
897870
1605896
1652120
1038380
870784
158440
282888
1494016
1823552
316494
1594312
640875
1260770
1295592
189688
369882
23474
384280
1609475
937674
1561545
1086425
1409676
571450
1621936
456444
1739108
Not Exist!
Not Exist!
1013060
589480
805468
1053812
1868792
1571296
1245645
1243044
Not Exist!
Not Exist!
1067580
Not Exist!
793720
1510911
1871955
977438
284004
1131988
1154146
507925
949212
310160
470052
121500
1411640
Not Exist!
308214
941360
728163
67768
938113
Not Exist!
1888792
300566
Not Exist!
1203420
306760
Not Exist!
Not Exist!
90880
639280
1528692
126240
448350
672182
787050
208
229556
331782
1847060
1620520
1071522
1156
1762624
656900
Not Exist!
923068
1177900
1224852
753284
1536172
720752
1165336
1526948
7625
433500
220700
Not Exist!
1618660
1588760
726250
940626
1437786
556155
26700
749979
987448
1660648
838980
987423
443308
1187264
Not Exist!
1943488
1059120
400844
275384
1700392
Not Exist!
1756544
762484
906912
140780
459369
1117950
397576
130784
1062855
1262275
1988668
814150
Not Exist!
895144
1716860
48604
234964
338900
221374
Not Exist!
Not Exist!
1744353
274118
618875
Not Exist!
161604
1793404
1949684
1387548
343600
1695044
430300
Not Exist!
763040
911898
1569376
503406
355550
1553096
727440
1594760
Not Exist!
Not Exist!
Not Exist!
Not Exist!
883006
91440
982280
439904
1115450
1081998
1389836
Not Exist!
409040
146656
1025720
1434609
537104
81372
Not Exist!
1601528
1316624
1295240
1451680
1350292
825292
505460
49250
Not Exist!
963012
248925
527275
304096
713824
1596812
1298888
731592
650236
726570
676800
1870496
243726
504630
Not Exist!
Not Exist!
767340
236864
1886825
1846175
530200
Not Exist!
872850
489480
Not Exist!
863374
508062
Not Exist!
747540
502775
Not Exist!
928550
469225
466000
1317664
Not Exist!
1685875
614360
428120
1405716
729720
693152
288656
1035976
1240264
71068
636488
440950
278900
714980
190632
660960
294656
323096
Not Exist!
490518
Not Exist!
776350
934348
Not Exist!
68880
989780
692450
Not Exist!
595060
871659
720008
255632
830628
174992
443720
155000
Not Exist!
329636
925166
1451540
320733
1010824
1044592
571830
75956
1390436
929648
1169568
1764923
319550
1675702
1167320
552075
985176
164104
151756
854940
Not Exist!
435160
101652
238048
852032
143046
753147
177776
54000
609544
Not Exist!
1999305
1221450
221404
Not Exist!
34564
1912852
1804460
1925476
975130
532100
144100
291240
378666
745396
908343
769608
1773125
372120
1125175
581440
867570
924620
309784
673661
548190
1710512
1104556
Not Exist!
1631244
1042686
1014500
359937
363448
1353182
569504
382536
1134784
470432
190984
Not Exist!
1660775
480753
393040
586190
Not Exist!
90204
865912
841789
625592
911504
325650
880830
60944
Not Exist!
1248125
1000608
1153456
708920
344512
1063836
1457724
327560
1330153
211575
586670
142072
Not Exist!
Not Exist!
1037500
589968
826264
1948832
655240
125056
87309
762112
365010
1215916
934234
362060
1248543
987556
618350
Not Exist!
876252
Not Exist!
856640
371584
784000
1436356
1016924
359491
522242
960200
1779939
Not Exist!
78116
876726
Not Exist!
1036192
621960
19496
1723175
150688
Not Exist!
706023
323756
1475919
1232268
Not Exist!
Not Exist!
Not Exist!
1000800
748432
307636
830468
Not Exist!
613920
217184
Not Exist!
1909428
412072
856305
1447110
506768
1271316
Not Exist!
Not Exist!
710847
404528
117414
69136
1664253
1232036
1589792
1253108
1470128
724248
1077660
1083726
719224
604875
1138372
372195
131300
Not Exist!
Not Exist!
1956736
1012684
781659
74075
139920
557640
508005
85744
Not Exist!
1959032
918220
154301
351400
902312
899870
876483
458190
656504
527536
Not Exist!
858908
Not Exist!
1697948
1388724
1080630
249576
1709932
568700
435915
1930040
Not Exist!
247878
1063550
1545093
1665508
1378196
11476
512748
940496
423664
697844
464356
386900
479394
1529919
22140
237942
Not Exist!
362444
Not Exist!
1110492
622120
338864
Not Exist!
728708
Not Exist!
988952
630864
1565080
770634
1003450
1969552
1171740
1027472
640112
Not Exist!
34036
749200
Not Exist!
Not Exist!
2527
Not Exist!
889160
1992688
1803572
155260
1864696
1325576
1067648
597200
987650
664740
971190
984850
528435
1607684
1008250
1363868
973242
1992596
525084
Not Exist!
316848
328020
649940
499608
766898
1895968
Not Exist!
509844
499832
492740
1190350
941550
580800
500130
686424
Not Exist!
Not Exist!
328960
974128
703308
216480
885896
Not Exist!
1677340
262280
992452
Not Exist!
1801952
Not Exist!
Not Exist!
548028
599228
280776
696680
792429
1251460
800118
1638536
1974256
Not Exist!
Not Exist!
1174024
1959016
Not Exist!
314230
350938
1245140
1085150
457132
1828112
225172
1134360
1933620
322965
413036
59994
904092
875960
1960760
985960
329508
839358
523648
1690572
884376
193060
Not Exist!
361161
144660
1022950
29950
477616
Not Exist!
50540
1475762
Not Exist!
Not Exist!
429280
1066864
1044160
Not Exist!
870444
526448
Not Exist!
1588332
1638416
1370889
1303824
1226056
925624
1417184
Not Exist!
1453888
347500
659756
338552
313137
304764
1023220
780850
1724716
Not Exist!
432774
332336
Not Exist!
1652825
Not Exist!
594040
1630928
1007032
Not Exist!
Not Exist!
1086604
1214000
1828868
679806
865280
1380020
1432380
1267425
583060
416920
688044
1626604
1338140
910915
721900
1198600
350150
1422464
777450
525456
1275816
669987
2541
1599580
420460
806272
1352912
959550
243240
100450
436448
311200
434680
Not Exist!
359504
1490004
Not Exist!
1840740
567400
288500
962802
Not Exist!
744772
127690
246120
770252
1938232
648800
1015744
Not Exist!
43100
1420664
678834
1213612
592852
966574
395275
1160412
335550
Not Exist!
1384075
1931152
1735720
107908
1573280
18412
261120
1110132
Not Exist!
856888
204060
747887
783838
1028688
827008
156324
1664811
Not Exist!
114570
671922
267528
Not Exist!
420344
687892
Not Exist!
Not Exist!
806744
Not Exist!
1183928
675284
Not Exist!
292884
606336
300784
1939624
Not Exist!
Not Exist!
285770
598650
18932
Not Exist!
741544
790064
191944
419425
815092
399780
829036
1076272
1537983
1529415
161650
238059
203440
1520796
Not Exist!
Not Exist!
Not Exist!
1637656
1659125
1023544
Not Exist!
1580052
959536
870416
419852
Not Exist!
937708
749824
1451080
854320
491175
412984
1693196
865324
851960
739312
373150
1457370
1081700
810950
1380708
1491820
Not Exist!
250616
274380
1310060
940556
740036
751432
393462
956740
976850
Not Exist!
578340
411256
1314228
Not Exist!
588040
166056
155392
Not Exist!
167148
17356
1476958
615342
Not Exist!
48320
1064502
1113440
1250548
999711
662748
Not Exist!
692955
30228
678160
424845
652550
1074186
Not Exist!
1409720
963180
464200
74650
1093596
221812
1094550
247580
1060980
623128
Not Exist!
1696816
1545625
1550168
Not Exist!
1575987
1107596
404848
1160648
Not Exist!
1050284
323700
1724460
410190
581592
396333
Not Exist!
1064540
Not Exist!
129296
Not Exist!
137960
497196
442044
897960
1553396
631420
769125
1148940
Not Exist!
Not Exist!
138084
161380
Not Exist!
614350
1819784
1428196
1224688
200680
Not Exist!
51928
231328
860064
Not Exist!
1655076
1059120
124360
1183192
1199075
1140150
402000
361048
445912
726480
Not Exist!
247914
1217258
693100
Not Exist!
565532
1146453
627060
97623
1095076
191104
450704
1941844
983360
871470
620000
1537522
Not Exist!
655937
287738
71520
1728968
186548
552175
744500
218750
926965
Not Exist!
Not Exist!
484440
744140
Not Exist!
Not Exist!
830844
1278
1637732
636676
420904
537250
160275
1782948
1035708
1734608
398520
1187216
76750
932600
Not Exist!
816582
Not Exist!
671112
570640
44096
Not Exist!
Not Exist!
351150
1415312
Not Exist!
738592
612332
1686748
166527
816893
1331288
893932
534800
Not Exist!
Not Exist!
1290356
643950
Not Exist!
580376
972800
915740
102884
1098160
6512
408628
413472
1299612
1363707
396284
Not Exist!
383180
263950
161361
1163600
Not Exist!
781578
501328
Not Exist!
561832
380436
Not Exist!
Not Exist!
1123616
Not Exist!
166050
1888688
731656
547436
602680
1274452
618256
452871
1241235
486400
1915136
1031760
238840
513292
637445
960471
736625
1052584
847450
68160
104324
1525931
229770
Not Exist!
1329188
Not Exist!
1446548
686106
865908
1007360
536884
793413
1699525
69080
725360
1087182
1018900
159940
496076
Not Exist!
235520
435972
1733116
954733
803150
288071
491364
Not Exist!
135027
523368
1111512
250036
345984
1501375
1404420
1054614
Not Exist!
940528
1125688
1046534
50150
349708
Not Exist!
184000
Not Exist!
30760
93582
1405716
Not Exist!
Not Exist!
960800
578950
1813041
942752
967616
Not Exist!
722052
787856
1779256
1631724
703298
1906844
184376
1001908
421336
Not Exist!
916250
824176
1588240
1070150
Not Exist!
1606520
895740
Not Exist!
391856
1698021
Not Exist!
Not Exist!
1820385
491460
803825
Not Exist!
556758
808540
1639475
1528172
330320
547148
1219080
52950
1882664
1264024
51210
1178752
71280
221232
281050
Not Exist!
197230
67239
Not Exist!
1724780
528464
1262070
Not Exist!
884446
1486384
642944
346456
658780
1702372
1329360
831248
191080
1444892
51124
967140
1279744
1001462
843880
269000
1034216
637478
830496
528228
945752
Not Exist!
Not Exist!
Not Exist!
Not Exist!
1831240
872410
Not Exist!
618800
425848
654000
1324908
1771276
1180744
Not Exist!
530388
394692
903224
1431396
1294038
1529420
316680
260500
20388
1363868
1867581
330678
429300
878796
820980
340600
648425
224289
Not Exist!
274352
1803464
1238300
956943
974500
521650
685638
60282
534632
287404
Not Exist!
115644
Not Exist!
225180
751923
1582857
982950
672660
791010
311072
1071156
1603696
Not Exist!
1488285
Not Exist!
476050
894752
Not Exist!
478918
Not Exist!
454960
762224
542504
1952540
881516
195824
716072
